/*--------------------------------*- C++ -*----------------------------------*\
  =========                 |
  \\      /  F ield         | OpenFOAM: The Open Source CFD Toolbox
   \\    /   O peration     | Website:  https://openfoam.org
    \\  /    A nd           | Version:  10
     \\/     M anipulation  |
\*---------------------------------------------------------------------------*/
FoamFile
{
    format      ascii;
    class       volScalarField;
    location    "0";
    object      C7H16;
}
// * * * * * * * * * * * * * * * * * * * * * * * * * * * * * * * * * * * * * //

dimensions      [0 0 0 0 0 0 0];

internalField   nonuniform List<scalar> 
4000
(
0
0
0
0
0
0
0
0
0
0
0
0
0
0
0
0
0
0
0
0
0
0
0
0
0
0
0
0
0
0
0
0
0
0
0
0
0
0
0
0
0
0
0
0
0
0
0
0
0
0
0
0
0
0
0
0
0
0
0
0
0
0
0
0
0
0
0
0
0
0
0
0
0
0
0
0
0
0
0
0
0
0
0
0
0
0
0
0
0
0
0
0
0
0
0
0
0
0
0
0
0
0
0
0
0
0
0
0
0
0
0
0
0
0
0
0
0
0
0
0
0
0
0
0
0
0
0
0
0
0
0
0
0
0
0
0
0
0
0
0
0
0
0
0
0
0
0
0
0
0
0
0
0
0
0
0
0
0
0
0
0
0
0
0
0
0
0
0
0
0
0
0
0
0
0
0
0
0
0
0
0
0
0
0
0
0
0
0
0
0
0
0
0
0
0
0
0
0
0
0
0
0
0
0
0
0
0
0
0
0
0
0
0
0
0
0
0
0
0
0
0
0
0
0
0
0
0
0
0
0
0
0
0
0
0
0
0
0
0
0
0
0
0
0
0
0
0
0
0
0
0
0
0
0
0
0
0
0
0
0
0
0
0
0
0
0
0
0
0
0
0
0
0
0
0
0
0
0
0
0
0
0
0
0
0
0
0
0
0
0
0
0
0
0
0
0
0
0
0
0
0
0
0
0
0
0
0
0
0
0
0
0
0
0
0
0
0
0
0
0
0
0
0
0
0
0
0
0
0
0
0
0
0
0
0
0
0
0
0
0
0
0
0
0
0
0
0
0
0
0
0
0
0
0
0
0
0
0
0
0
0
0
0
0
0
0
0
0
0
0
0
0
0
0
0
0
0
0
0
0
0
0
0
0
0
0
0
0
0
0
0
0
0
0
0
0
0
0
0
0
0
0
0
0
0
0
0
0
0
0
0
0
0
0
0
0
0
0
0
0
0
0
0
0
0
0
0
0
0
0
0
0
0
0
0
0
0
0
0
0
0
0
0
0
0
0
0
0
0
0
0
0
0
0
0
0
0
0
0
0
0
0
0
0
0
0
0
0
0
0
0
0
0
0
0
0
0
0
0
0
0
0
0
0
0
0
0
0
0
0
0
0
0
0
0
0
0
0
0
0
0
0
0
0
0
0
0
0
0
0
0
0
0
0
0
0
0
0
0
0
0
0
0
0
0
0
0
0
0
0
0
0
0
0
0
0
0
0
0
0
0
0
0
0
0
0
0
0
0
0
0
0
0
0
0
0
0
0
0
0
0
0
0
0
0
0
0
0
0
0
0
0
0
0
0
0
0
0
0
0
0
0
0
0
0
0
0
0
0
0
0
0
0
0
0
0
0
0
0
0
0
0
0
0
0
0
0
0
0
0
0
0
0
0
0
0
0
0
0
0
0
0
0
0
0
0
0
0
0
0
0
0
0
0
0
0
0
0
0
0
0
0
0
0
0
0
0
0
0
0
0
0
0
0
0
0
0
0
0
0
0
0
0
0
0
0
0
0
0
0
0
0
0
0
0
0
0
0
0
0
0
0
0
0
0
0
0
0
0
0
0
0
0
0
0
0
0
0
0
0
0
0
0
0
0
0
0
0
0
0
0
0
0
0
0
0
0
0
0
0
0
0
0
0
0
0
0
0
0
0
0
0
0
0
0
0
0
0
0
0
0
0
0
0
0
0
0
0
0
0
0
0
0
0
0
0
0
0
0
0
0
0
0
0
0
0
0
0
0
0
0
0
0
0
0
0
0
0
0
0
0
0
0
0
0
0
0
0
0
0
0
0
0
0
0
0
0
0
0
0
0
0
0
0
0
0
0
0
0
0
0
0
0
0
0
0
0
0
0
0
0
0
0
0
0
0
0
0
0
0
0
0
0
0
0
0
0
0
0
0
0
0
0
0
0
0
0
0
0
0
0
0
0
0
0
0
0
0
0
0
0
0
0
0
0
0
0
0
0
0
0
0
0
0
0
0
0
0
0
0
0
0
0
0
0
0
0
0
0
0
0
0
0
0
0
0
0
0
0
0
0
0
0
0
0
0
0
0
0
0
0
0
0
0
0
0
0
0
0
0
0
0
0
0
0
0
0
0
0
0
0
0
0
0
0
0
0
0
0
0
0
0
0
0
0
0
0
0
0
0
0
0
0
0
0
0
0
0
0
0
0
0
0
0
0
0
0
0
0
0
0
0
0
0
0
0
0
0
0
0
0
0
0
0
0
0
0
0
0
0
0
0
0
0
0
0
0
0
0
0
0
0
0
0
0
0
0
0
0
0
0
0
0
0
0
0
0
0
0
0
0
0
0
0
0
0
0
0
0
0
0
0
0
0
0
0
0
0
0
0
0
0
0
0
0
0
0
0
0
0
0
0
0
0
0
0
0
0
0
0
0
0
0
0
0
0
0
0
0
0
0
0
0
0
0
0
0
0
0
0
0
0
0
0
0
0
0
0
0
0
0
0
0
0
0
0
0
0
0
0
0
0
0
0
0
0
0
0
0
0
0
0
0
0
0
0
0
0
0
0
0
0
0
0
0
0
0
0
0
0
0
0
0
0
0
0
0
0
0
0
0
0
0
0
0
0
0
0
0
0
0
0
0
0
0
0
0
0
0
0
0
0
0
0
0
0
0
0
0
0
0
0
0
0
0
0
0
0
0
0
0
0
0
0
0
0
0
0
0
0
0
0
0
0
0
0
0
0
0
0
0
0
0
0
0
0
0
0
0
0
0
0
0
0
0
0
0
0
0
0
0
0
0
0
0
0
0
0
0
0
0
0
0
0
0
0
0
0
0
0
0
0
0
0
0
0
0
0
0
0
0
0
0
0
0
0
0
0
0
0
0
0
0
0
0
0
0
0
0
0
0
0
0
0
0
0
0
0
0
0
0
0
0
0
0
0
0
0
0
0
0
0
0
0
0
0
0
0
0
0
0
0
0
0
0
0
0
0
0
0
0
0
0
0
0
0
0
0
0
0
0
0
0
0
0
0
0
0
0
0
0
0
0
0
0
0
0
0
0
0
0
0
0
0
0
0
0
0
0
0
0
0
0
0
0
0
0
0
0
0
0
0
0
0
0
0
0
0
0
0
0
0
0
0
0
0
0
0
0
0
0
0
0
0
0
0
0
0
0
0
0
0
0
0
0
0
0
0
0
0
0
0
0
0
0
0
0
0
0
0
0
0
0
0
0
0
0
0
0
0
0
0
0
0
0
0
0
0
0
0
0
0
0
0
0
0
0
0
0
0
0
0
0
0
0
0
0
0
0
0
0
0
0
0
0
0
0
0
0
0
0
0
0
0
0
0
0
0
0
0
0
0
0
0
0
0
0
0
0
0
0
0
0
0
0
0
0
0
0
0
0
0
3.842531112e-07
3.957841133e-07
4.102789151e-07
4.353455533e-07
4.803467032e-07
5.522939516e-07
6.529562291e-07
7.795776938e-07
3.646877169e-06
3.807092856e-06
3.953265977e-06
4.106133458e-06
4.29415127e-06
4.542000535e-06
4.861314955e-06
5.249858067e-06
1.221375344e-05
1.261252799e-05
1.295569463e-05
1.327132193e-05
1.360288172e-05
1.399313943e-05
1.446834225e-05
1.503272363e-05
2.512800984e-05
2.56571433e-05
2.611531084e-05
2.654592316e-05
2.701019425e-05
2.756361151e-05
2.823659782e-05
4.199829909e-05
4.281647793e-05
4.351888002e-05
4.413253061e-05
4.472309969e-05
4.537547747e-05
4.616048075e-05
4.711207481e-05
6.594919035e-05
6.703754247e-05
6.797009489e-05
6.879461601e-05
6.960862396e-05
7.052808202e-05
7.164176934e-05
7.29855189e-05
9.875591818e-05
0.0001002021359
0.0001014416411
0.0001025540939
0.000103681878
0.0001049810359
0.0001065607429
0.0001084553834
0.0001436900186
0.0001456102264
0.0001472602678
0.0001487678661
0.000150337563
0.000152176102
0.0001544148174
0.0001570806438
0.0002052196814
0.0002077673522
0.0002099680906
0.0002120209887
0.0002142154563
0.0002168211309
0.0002199918123
0.0002855416361
0.000289475297
0.0002928559857
0.0002957996474
0.0002986094388
0.0003016886167
0.0003053831571
0.0003098671643
0.0003995810752
0.0004048145513
0.0004093005857
0.0004132495807
0.0004171142034
0.0004214478637
0.0004266867848
0.0004330186361
0.0005557176439
0.0005626708429
0.0005686280164
0.0005739457487
0.0005792883037
0.0005854037835
0.0005928319795
0.0006017599678
0.000769456149
0.0007786853288
0.0007866064004
0.0007937972213
0.0008012163338
0.0008098593866
0.0008203804576
0.0008329399846
0.001061900727
0.001074136489
0.001084683405
0.001094449132
0.001104795436
0.001117026568
0.001131915287
0.001149549346
0.00146190463
0.001478121135
0.001492196993
0.001505522279
0.001520001463
0.001537315296
0.001558348848
0.001983606686
0.002008652537
0.002030133512
0.002048962801
0.002067224785
0.002087541432
0.002112041108
0.002141694791
0.002722155228
0.002755371281
0.002783823037
0.002809084046
0.00283422243
0.002862792037
0.002897438107
0.002939158185
0.003730333453
0.003774306769
0.003812005352
0.003846002458
0.003880733286
0.003920936819
0.003969833501
0.00402833659
0.00510442153
0.005162494558
0.005212443947
0.005258329314
0.005306453737
0.005363031102
0.005431887076
0.005513653168
0.006973900894
0.00705044286
0.007116658271
0.007178769703
0.00724558104
0.007325098403
0.007421734879
0.009393623974
0.00951088012
0.009611502335
0.009699281499
0.009783522225
0.009876303128
0.009987745882
0.01012274735
0.01278775439
0.01294176328
0.01307362803
0.01318994979
0.01330433702
0.01343306048
0.01358865623
0.01377626149
0.01736032411
0.01756152546
0.01773373723
0.01788772699
0.01804295288
0.01822090146
0.01843675145
0.01869543563
0.02348222811
0.0237431408
0.02396684116
0.02417010283
0.02438012549
0.02462468154
0.02492166511
0.02527503857
0.03161319243
0.03194863766
0.03223731715
0.0325043742
0.03278692247
0.03312003136
0.03352414841
0.03400107097
0.0422990254
0.04272552443
0.04309465501
0.04344278273
0.04381921777
0.04426710238
0.04480891682
0.05552260472
0.0561479634
0.05668246623
0.05714858588
0.0575971117
0.05809167226
0.05868380534
0.05939700449
0.0730105384
0.07378236775
0.0744403545
0.07501935005
0.07558767762
0.0762247769
0.07699021239
0.07790691168
0.09480475787
0.09573444224
0.09652590653
0.09722949336
0.09793348894
0.09873346478
0.09969568049
0.1008402729
0.121225423
0.122312934
0.1232384291
0.1240702031
0.1249174305
0.1258904419
0.1270598027
0.1284401393
0.1522104479
0.1534389697
0.1544849512
0.1554356285
0.1564196708
0.1575587488
0.1589243412
0.1856027323
0.1871692201
0.1885019218
0.1896379625
0.1906823648
0.1917791613
0.1930559804
0.1945811208
0.223307113
0.2249414165
0.226323615
0.2275040763
0.22860197
0.2297700177
0.2311351122
0.2327582196
0.2622720691
0.2638960003
0.2652622108
0.2664322428
0.2675336434
0.2687195677
0.2701092408
0.2717527891
0.3006526987
0.3021880049
0.3034738022
0.3045793568
0.3056336547
0.3067819445
0.3081298882
0.3097145836
0.3367105201
0.3380933121
0.3392471962
0.3402449807
0.3412102533
0.3422734579
0.3435228369
0.3677029371
0.3691079788
0.3702983987
0.3712893417
0.3721529702
0.3730018623
0.373947232
0.3750585052
0.3958922077
0.3970626987
0.3980468074
0.3988653229
0.3995862409
0.4003074678
0.4011193207
0.4020731985
0.4194119131
0.4203530564
0.4211390029
0.4217934282
0.4223776374
0.4229732852
0.4236505209
0.4244450605
0.4384594417
0.4391939932
0.4398039314
0.4403135429
0.4407759995
0.4412568842
0.4418084992
0.4424539434
0.4535117727
0.454071213
0.4545337254
0.4549225782
0.4552823698
0.4556640375
0.4561051193
0.4646871596
0.4651805644
0.4655986605
0.4659433348
0.4662357779
0.4665123022
0.4668113149
0.4671588191
0.4737248073
0.4740909813
0.4743987319
0.4746521809
0.47486989
0.4750806527
0.4753126572
0.4755832786
0.4805481714
0.4808165308
0.4810404606
0.4812250876
0.4813861693
0.4815460031
0.4817247757
0.4819336529
0.4856543462
0.4858491331
0.4860106884
0.4861443504
0.4862631392
0.4863839509
0.4865209147
0.4866808825
0.4894490818
0.4895893202
0.4897050902
0.4898014831
0.4898890174
0.4899802424
0.4900848228
0.4902066942
0.4922561862
0.4923566371
0.4924392962
0.4925087533
0.492573333
0.4926421875
0.4927217842
0.4942402089
0.4943252428
0.4943968503
0.4944556874
0.4945057319
0.4945534453
0.4946053824
0.4946657653
0.4957847583
0.4958455893
0.4958964328
0.4959382398
0.4959743609
0.4960097251
0.4960489441
0.4960946928
0.4969177559
0.4969611636
0.4969972111
0.4970269361
0.4970530909
0.497079373
0.4971089745
0.4971435328
0.4977474567
0.4977783086
0.4978037984
0.4978249363
0.4978439368
0.4978635278
0.497885878
0.4979119374
0.4983543967
0.4983762815
0.4983942959
0.4984093607
0.4984232246
0.4984378691
0.4984547406
0.4987797529
0.4987981002
0.4988135914
0.4988263186
0.4988370866
0.4988472533
0.4988582356
0.4988709777
0.4991093195
0.4991223983
0.4991333536
0.499142351
0.4991500701
0.4991575466
0.4991657782
0.4991753674
0.4993498
0.4993590779
0.4993667995
0.4993731622
0.4993787302
0.4993842831
0.4993905114
0.4993977842
0.4995258471
0.4995324701
0.4995379467
0.4995424694
0.4995464907
0.4995505874
0.4995552333
0.4995606504
0.4996537659
0.4996584053
0.4996622309
0.4996654258
0.4996683506
0.4996714238
0.4996749585
0.4996790731
0.4997474145
0.4997507311
0.4997534532
0.4997557389
0.4997578678
0.4997601418
0.49976277
0.4998126375
0.4998153857
0.499817695
0.4998195957
0.4998212262
0.499822802
0.4998245344
0.4998265543
0.4998635217
0.4998655198
0.4998671856
0.4998685551
0.499869743
0.4998709138
0.4998722176
0.4998737385
0.4999007771
0.4999021876
0.4999033553
0.4999043165
0.4999051628
0.499906015
0.4999069756
0.4999080954
0.4999274881
0.4999284636
0.4999292675
0.4999299341
0.4999305352
0.4999311574
0.4999318682
0.4999326957
0.4999467355
0.4999474182
0.499947982
0.49994846
0.4999489102
0.4999493954
0.4999499592
0.4999606351
0.4999612402
0.4999617493
0.4999621667
0.4999625196
0.4999628536
0.4999632149
0.499963634
0.4999705683
0.4999709634
0.4999712828
0.4999715163
0.4999716661
0.4999717509
0.4999717986
0.4999718338
0.4999718338
0.4999717986
0.4999717509
0.4999716661
0.4999715163
0.4999712828
0.4999709634
0.4999705683
0.499963634
0.4999632149
0.4999628536
0.4999625196
0.4999621667
0.4999617493
0.4999612402
0.4999606351
0.4999499592
0.4999493954
0.4999489102
0.49994846
0.499947982
0.4999474182
0.4999467355
0.4999326957
0.4999318682
0.4999311574
0.4999305352
0.4999299341
0.4999292675
0.4999284636
0.4999274881
0.4999080954
0.4999069756
0.499906015
0.4999051628
0.4999043165
0.4999033553
0.4999021876
0.4999007771
0.4998737385
0.4998722176
0.4998709138
0.499869743
0.4998685551
0.4998671856
0.4998655198
0.4998635217
0.4998265543
0.4998245344
0.499822802
0.4998212262
0.4998195957
0.499817695
0.4998153857
0.4998126375
0.49976277
0.4997601418
0.4997578678
0.4997557389
0.4997534532
0.4997507311
0.4997474145
0.4997434962
0.4996749585
0.4996714238
0.4996683506
0.4996654258
0.4996622309
0.4996584053
0.4996537659
0.4995606504
0.4995552333
0.4995505874
0.4995464907
0.4995424694
0.4995379467
0.4995324701
0.4995258471
0.4993977842
0.4993905114
0.4993842831
0.4993787302
0.4993731622
0.4993667995
0.4993590779
0.4993498
0.4991753674
0.4991657782
0.4991575466
0.4991500701
0.499142351
0.4991333536
0.4991223983
0.4991093195
0.4988709777
0.4988582356
0.4988472533
0.4988370866
0.4988263186
0.4988135914
0.4987981002
0.4987797529
0.4984547406
0.4984378691
0.4984232246
0.4984093607
0.4983942959
0.4983762815
0.4983543967
0.4979119374
0.497885878
0.4978635278
0.4978439368
0.4978249363
0.4978037984
0.4977783086
0.4977474567
0.4971435328
0.4971089745
0.497079373
0.4970530909
0.4970269361
0.4969972111
0.4969611636
0.4969177559
0.4960946928
0.4960489441
0.4960097251
0.4959743609
0.4959382398
0.4958964328
0.4958455893
0.4957847583
0.4946657653
0.4946053824
0.4945534453
0.4945057319
0.4944556874
0.4943968503
0.4943252428
0.4942402089
0.4927217842
0.4926421875
0.492573333
0.4925087533
0.4924392962
0.4923566371
0.4922561862
0.4902066942
0.4900848228
0.4899802424
0.4898890174
0.4898014831
0.4897050902
0.4895893202
0.4894490818
0.4866808825
0.4865209147
0.4863839509
0.4862631392
0.4861443504
0.4860106884
0.4858491331
0.4856543462
0.4819336529
0.4817247757
0.4815460031
0.4813861693
0.4812250876
0.4810404606
0.4808165308
0.4805481714
0.4755832786
0.4753126572
0.4750806527
0.47486989
0.4746521809
0.4743987319
0.4740909813
0.4737248073
0.4671588191
0.4668113149
0.4665123022
0.4662357779
0.4659433348
0.4655986605
0.4651805644
0.4646871596
0.4561051193
0.4556640375
0.4552823698
0.4549225782
0.4545337254
0.454071213
0.4535117727
0.4424539434
0.4418084992
0.4412568842
0.4407759995
0.4403135429
0.4398039314
0.4391939932
0.4384594417
0.4244450605
0.4236505209
0.4229732852
0.4223776374
0.4217934282
0.4211390029
0.4203530564
0.4194119131
0.4020731985
0.4011193207
0.4003074678
0.3995862409
0.3988653229
0.3980468074
0.3970626987
0.3958922077
0.3750585052
0.373947232
0.3730018623
0.3721529702
0.3712893417
0.3702983987
0.3691079788
0.3677029371
0.3435228369
0.3422734579
0.3412102533
0.3402449807
0.3392471962
0.3380933121
0.3367105201
0.3097145836
0.3081298882
0.3067819445
0.3056336547
0.3045793568
0.3034738022
0.3021880049
0.3006526987
0.2717527891
0.2701092408
0.2687195677
0.2675336434
0.2664322428
0.2652622108
0.2638960003
0.2622720691
0.2327582196
0.2311351122
0.2297700177
0.22860197
0.2275040763
0.226323615
0.2249414165
0.223307113
0.1945811208
0.1930559804
0.1917791613
0.1906823648
0.1896379625
0.1885019218
0.1871692201
0.1856027323
0.1589243412
0.1575587488
0.1564196708
0.1554356285
0.1544849512
0.1534389697
0.1522104479
0.1284401393
0.1270598027
0.1258904419
0.1249174305
0.1240702031
0.1232384291
0.122312934
0.121225423
0.1008402729
0.09969568049
0.09873346478
0.09793348894
0.09722949336
0.09652590653
0.09573444224
0.09480475787
0.07790691168
0.07699021239
0.0762247769
0.07558767762
0.07501935005
0.0744403545
0.07378236775
0.0730105384
0.05939700449
0.05868380534
0.05809167226
0.0575971117
0.05714858588
0.05668246623
0.0561479634
0.05552260472
0.04480891682
0.04426710238
0.04381921777
0.04344278273
0.04309465501
0.04272552443
0.0422990254
0.04180196659
0.03352414841
0.03312003136
0.03278692247
0.0325043742
0.03223731715
0.03194863766
0.03161319243
0.02527503857
0.02492166511
0.02462468154
0.02438012549
0.02417010283
0.02396684116
0.0237431408
0.02348222811
0.01869543563
0.01843675145
0.01822090146
0.01804295288
0.01788772699
0.01773373723
0.01756152546
0.01736032411
0.01377626149
0.01358865623
0.01343306048
0.01330433702
0.01318994979
0.01307362803
0.01294176328
0.01278775439
0.01012274735
0.009987745882
0.009876303128
0.009783522225
0.009699281499
0.009611502335
0.00951088012
0.009393623974
0.007421734879
0.007325098403
0.00724558104
0.007178769703
0.007116658271
0.00705044286
0.006973900894
0.005513653168
0.005431887076
0.005363031102
0.005306453737
0.005258329314
0.005212443947
0.005162494558
0.00510442153
0.00402833659
0.003969833501
0.003920936819
0.003880733286
0.003846002458
0.003812005352
0.003774306769
0.003730333453
0.002939158185
0.002897438107
0.002862792037
0.00283422243
0.002809084046
0.002783823037
0.002755371281
0.002722155228
0.002141694791
0.002112041108
0.002087541432
0.002067224785
0.002048962801
0.002030133512
0.002008652537
0.001983606686
0.001558348848
0.001537315296
0.001520001463
0.001505522279
0.001492196993
0.001478121135
0.00146190463
0.001149549346
0.001131915287
0.001117026568
0.001104795436
0.001094449132
0.001084683405
0.001074136489
0.001061900727
0.0008329399846
0.0008203804576
0.0008098593866
0.0008012163338
0.0007937972213
0.0007866064004
0.0007786853288
0.000769456149
0.0006017599678
0.0005928319795
0.0005854037835
0.0005792883037
0.0005739457487
0.0005686280164
0.0005626708429
0.0005557176439
0.0004330186361
0.0004266867848
0.0004214478637
0.0004171142034
0.0004132495807
0.0004093005857
0.0004048145513
0.0003995810752
0.0003098671643
0.0003053831571
0.0003016886167
0.0002986094388
0.0002957996474
0.0002928559857
0.000289475297
0.0002855416361
0.0002199918123
0.0002168211309
0.0002142154563
0.0002120209887
0.0002099680906
0.0002077673522
0.0002052196814
0.0001570806438
0.0001544148174
0.000152176102
0.000150337563
0.0001487678661
0.0001472602678
0.0001456102264
0.0001436900186
0.0001084553834
0.0001065607429
0.0001049810359
0.000103681878
0.0001025540939
0.0001014416411
0.0001002021359
9.875591818e-05
7.29855189e-05
7.164176934e-05
7.052808202e-05
6.960862396e-05
6.879461601e-05
6.797009489e-05
6.703754247e-05
6.594919035e-05
4.711207481e-05
4.616048075e-05
4.537547747e-05
4.472309969e-05
4.413253061e-05
4.351888002e-05
4.281647793e-05
4.199829909e-05
2.823659782e-05
2.756361151e-05
2.701019425e-05
2.654592316e-05
2.611531084e-05
2.56571433e-05
2.512800984e-05
1.503272363e-05
1.446834225e-05
1.399313943e-05
1.360288172e-05
1.327132193e-05
1.295569463e-05
1.261252799e-05
1.221375344e-05
5.249858067e-06
4.861314955e-06
4.542000535e-06
4.29415127e-06
4.106133458e-06
3.953265977e-06
3.807092856e-06
3.646877169e-06
7.795776938e-07
6.529562291e-07
5.522939516e-07
4.803467032e-07
4.353455533e-07
4.102789151e-07
3.957841133e-07
3.842531112e-07
0
0
0
0
0
0
0
0
0
0
0
0
0
0
0
0
0
0
0
0
0
0
0
0
0
0
0
0
0
0
0
0
0
0
0
0
0
0
0
0
0
0
0
0
0
0
0
0
0
0
0
0
0
0
0
0
0
0
0
0
0
0
0
0
0
0
0
0
0
0
0
0
0
0
0
0
0
0
0
0
0
0
0
0
0
0
0
0
0
0
0
0
0
0
0
0
0
0
0
0
0
0
0
0
0
0
0
0
0
0
0
0
0
0
0
0
0
0
0
0
0
0
0
0
0
0
0
0
0
0
0
0
0
0
0
0
0
0
0
0
0
0
0
0
0
0
0
0
0
0
0
0
0
0
0
0
0
0
0
0
0
0
0
0
0
0
0
0
0
0
0
0
0
0
0
0
0
0
0
0
0
0
0
0
0
0
0
0
0
0
0
0
0
0
0
0
0
0
0
0
0
0
0
0
0
0
0
0
0
0
0
0
0
0
0
0
0
0
0
0
0
0
0
0
0
0
0
0
0
0
0
0
0
0
0
0
0
0
0
0
0
0
0
0
0
0
0
0
0
0
0
0
0
0
0
0
0
0
0
0
0
0
0
0
0
0
0
0
0
0
0
0
0
0
0
0
0
0
0
0
0
0
0
0
0
0
0
0
0
0
0
0
0
0
0
0
0
0
0
0
0
0
0
0
0
0
0
0
0
0
0
0
0
0
0
0
0
0
0
0
0
0
0
0
0
0
0
0
0
0
0
0
0
0
0
0
0
0
0
0
0
0
0
0
0
0
0
0
0
0
0
0
0
0
0
0
0
0
0
0
0
0
0
0
0
0
0
0
0
0
0
0
0
0
0
0
0
0
0
0
0
0
0
0
0
0
0
0
0
0
0
0
0
0
0
0
0
0
0
0
0
0
0
0
0
0
0
0
0
0
0
0
0
0
0
0
0
0
0
0
0
0
0
0
0
0
0
0
0
0
0
0
0
0
0
0
0
0
0
0
0
0
0
0
0
0
0
0
0
0
0
0
0
0
0
0
0
0
0
0
0
0
0
0
0
0
0
0
0
0
0
0
0
0
0
0
0
0
0
0
0
0
0
0
0
0
0
0
0
0
0
0
0
0
0
0
0
0
0
0
0
0
0
0
0
0
0
0
0
0
0
0
0
0
0
0
0
0
0
0
0
0
0
0
0
0
0
0
0
0
0
0
0
0
0
0
0
0
0
0
0
0
0
0
0
0
0
0
0
0
0
0
0
0
0
0
0
0
0
0
0
0
0
0
0
0
0
0
0
0
0
0
0
0
0
0
0
0
0
0
0
0
0
0
0
0
0
0
0
0
0
0
0
0
0
0
0
0
0
0
0
0
0
0
0
0
0
0
0
0
0
0
0
0
0
0
0
0
0
0
0
0
0
0
0
0
0
0
0
0
0
0
0
0
0
0
0
0
0
0
0
0
0
0
0
0
0
0
0
0
0
0
0
0
0
0
0
0
0
0
0
0
0
0
0
0
0
0
0
0
0
0
0
0
0
0
0
0
0
0
0
0
0
0
0
0
0
0
0
0
0
0
0
0
0
0
0
0
0
0
0
0
0
0
0
0
0
0
0
0
0
0
0
0
0
0
0
0
0
0
0
0
0
0
0
0
0
0
0
0
0
0
0
0
0
0
0
0
0
0
0
0
0
0
0
0
0
0
0
0
0
0
0
0
0
0
0
0
0
0
0
0
0
0
0
0
0
0
0
0
0
0
0
0
0
0
0
0
0
0
0
0
0
0
0
0
0
0
0
0
0
0
0
0
0
0
0
0
0
0
0
0
0
0
0
0
0
0
0
0
0
0
0
0
0
0
0
0
0
0
0
0
0
0
0
0
0
0
0
0
0
0
0
0
0
0
0
0
0
0
0
0
0
0
0
0
0
0
0
0
0
0
0
0
0
0
0
0
0
0
0
0
0
0
0
0
0
0
0
0
0
0
0
0
0
0
0
0
0
0
0
0
0
0
0
0
0
0
0
0
0
0
0
0
0
0
0
0
0
0
0
0
0
0
0
0
0
0
0
0
0
0
0
0
0
0
0
0
0
0
0
0
0
0
0
0
0
0
0
0
0
0
0
0
0
0
0
0
0
0
0
0
0
0
0
0
0
0
0
0
0
0
0
0
0
0
0
0
0
0
0
0
0
0
0
0
0
0
0
0
0
0
0
0
0
0
0
0
0
0
0
0
0
0
0
0
0
0
0
0
0
0
0
0
0
0
0
0
0
0
0
0
0
0
0
0
0
0
0
0
0
0
0
0
0
0
0
0
0
0
0
0
0
0
0
0
0
0
0
0
0
0
0
0
0
0
0
0
0
0
0
0
0
0
0
0
0
0
0
0
0
0
0
0
0
0
0
0
0
0
0
0
0
0
0
0
0
0
0
0
0
0
0
0
0
0
0
0
0
0
0
0
0
0
0
0
0
0
0
0
0
0
0
0
0
0
0
0
0
0
0
0
0
0
0
0
0
0
0
0
0
0
0
0
0
0
0
0
0
0
0
0
0
0
0
0
0
0
0
0
0
0
0
0
0
0
0
0
0
0
0
0
0
0
0
0
0
0
0
0
0
0
0
0
0
0
0
0
0
0
0
0
0
0
0
0
0
0
0
0
0
0
0
0
0
0
0
0
0
0
0
0
0
0
0
0
0
0
0
0
0
0
0
0
0
0
0
0
0
0
0
0
0
0
0
0
0
0
0
0
0
0
0
0
0
0
0
0
0
0
0
0
0
0
0
0
0
0
0
0
0
0
0
0
0
0
0
0
0
0
0
0
0
0
0
0
0
0
0
0
0
0
0
0
0
0
0
0
0
0
0
0
0
0
0
0
0
0
0
0
0
0
0
0
0
0
0
0
0
0
0
0
0
0
0
0
0
0
0
0
0
0
0
0
0
0
0
0
0
0
0
0
0
0
0
0
0
0
0
0
0
0
0
0
0
0
0
0
0
0
0
0
0
0
0
0
0
0
0
0
0
0
0
0
0
0
0
0
0
0
0
0
0
0
0
0
0
0
0
0
0
0
0
0
0
0
0
0
0
0
0
0
0
0
0
0
0
0
0
0
0
0
0
0
0
0
0
0
0
0
0
0
0
0
0
0
0
0
0
0
0
0
0
0
0
0
0
0
0
0
0
0
0
0
0
0
0
0
0
0
0
0
0
0
0
0
0
0
0
0
0
0
0
0
0
0
0
0
0
0
0
0
0
0
0
0
0
0
0
0
0
0
0
0
0
0
0
0
0
0
0
0
0
0
0
0
0
0
0
0
0
0
0
0
0
0
0
0
0
0
0
0
0
0
0
0
0
0
0
0
0
0
0
0
0
0
0
0
0
0
0
0
)
;

boundaryField
{
    left
    {
        type            cyclic;
    }
    right
    {
        type            cyclic;
    }
    top
    {
        type            zeroGradient;
    }
    bottom
    {
        type            zeroGradient;
    }
    frontAndback
    {
        type            empty;
    }
}


// ************************************************************************* //
