/*--------------------------------*- C++ -*----------------------------------*\
  =========                 |
  \\      /  F ield         | OpenFOAM: The Open Source CFD Toolbox
   \\    /   O peration     | Website:  https://openfoam.org
    \\  /    A nd           | Version:  10
     \\/     M anipulation  |
\*---------------------------------------------------------------------------*/
FoamFile
{
    format      ascii;
    class       volScalarField;
    location    "0";
    object      N2;
}
// * * * * * * * * * * * * * * * * * * * * * * * * * * * * * * * * * * * * * //

dimensions      [0 0 0 0 0 0 0];

internalField   nonuniform List<scalar> 
4000
(
0.665646
0.665646
0.665646
0.665646
0.665646
0.665646
0.665646
0.665646
0.665646
0.665646
0.665646
0.665646
0.665646
0.665646
0.665646
0.665646
0.665646
0.665646
0.665646
0.665646
0.665646
0.665646
0.665646
0.665646
0.665646
0.665646
0.665646
0.665646
0.665646
0.665646
0.665646
0.665646
0.665646
0.665646
0.665646
0.665646
0.665646
0.665646
0.665646
0.665646
0.665646
0.665646
0.665646
0.665646
0.665646
0.665646
0.665646
0.665646
0.665646
0.665646
0.665646
0.665646
0.665646
0.665646
0.665646
0.665646
0.665646
0.665646
0.665646
0.665646
0.665646
0.665646
0.665646
0.665646
0.665646
0.665646
0.665646
0.665646
0.665646
0.665646
0.665646
0.665646
0.665646
0.665646
0.665646
0.665646
0.665646
0.665646
0.665646
0.665646
0.665646
0.665646
0.665646
0.665646
0.665646
0.665646
0.665646
0.665646
0.665646
0.665646
0.665646
0.665646
0.665646
0.665646
0.665646
0.665646
0.665646
0.665646
0.665646
0.665646
0.665646
0.665646
0.665646
0.665646
0.665646
0.665646
0.665646
0.665646
0.665646
0.665646
0.665646
0.665646
0.665646
0.665646
0.665646
0.665646
0.665646
0.665646
0.665646
0.665646
0.665646
0.665646
0.665646
0.665646
0.665646
0.665646
0.665646
0.665646
0.665646
0.665646
0.665646
0.665646
0.665646
0.665646
0.665646
0.665646
0.665646
0.665646
0.665646
0.665646
0.665646
0.665646
0.665646
0.665646
0.665646
0.665646
0.665646
0.665646
0.665646
0.665646
0.665646
0.665646
0.665646
0.665646
0.665646
0.665646
0.665646
0.665646
0.665646
0.665646
0.665646
0.665646
0.665646
0.665646
0.665646
0.665646
0.665646
0.665646
0.665646
0.665646
0.665646
0.665646
0.665646
0.665646
0.665646
0.665646
0.665646
0.665646
0.665646
0.665646
0.665646
0.665646
0.665646
0.665646
0.665646
0.665646
0.665646
0.665646
0.665646
0.665646
0.665646
0.665646
0.665646
0.665646
0.665646
0.665646
0.665646
0.665646
0.665646
0.665646
0.665646
0.665646
0.665646
0.665646
0.665646
0.665646
0.665646
0.665646
0.665646
0.665646
0.665646
0.665646
0.665646
0.665646
0.665646
0.665646
0.665646
0.665646
0.665646
0.665646
0.665646
0.665646
0.665646
0.665646
0.665646
0.665646
0.665646
0.665646
0.665646
0.665646
0.665646
0.665646
0.665646
0.665646
0.665646
0.665646
0.665646
0.665646
0.665646
0.665646
0.665646
0.665646
0.665646
0.665646
0.665646
0.665646
0.665646
0.665646
0.665646
0.665646
0.665646
0.665646
0.665646
0.665646
0.665646
0.665646
0.665646
0.665646
0.665646
0.665646
0.665646
0.665646
0.665646
0.665646
0.665646
0.665646
0.665646
0.665646
0.665646
0.665646
0.665646
0.665646
0.665646
0.665646
0.665646
0.665646
0.665646
0.665646
0.665646
0.665646
0.665646
0.665646
0.665646
0.665646
0.665646
0.665646
0.665646
0.665646
0.665646
0.665646
0.665646
0.665646
0.665646
0.665646
0.665646
0.665646
0.665646
0.665646
0.665646
0.665646
0.665646
0.665646
0.665646
0.665646
0.665646
0.665646
0.665646
0.665646
0.665646
0.665646
0.665646
0.665646
0.665646
0.665646
0.665646
0.665646
0.665646
0.665646
0.665646
0.665646
0.665646
0.665646
0.665646
0.665646
0.665646
0.665646
0.665646
0.665646
0.665646
0.665646
0.665646
0.665646
0.665646
0.665646
0.665646
0.665646
0.665646
0.665646
0.665646
0.665646
0.665646
0.665646
0.665646
0.665646
0.665646
0.665646
0.665646
0.665646
0.665646
0.665646
0.665646
0.665646
0.665646
0.665646
0.665646
0.665646
0.665646
0.665646
0.665646
0.665646
0.665646
0.665646
0.665646
0.665646
0.665646
0.665646
0.665646
0.665646
0.665646
0.665646
0.665646
0.665646
0.665646
0.665646
0.665646
0.665646
0.665646
0.665646
0.665646
0.665646
0.665646
0.665646
0.665646
0.665646
0.665646
0.665646
0.665646
0.665646
0.665646
0.665646
0.665646
0.665646
0.665646
0.665646
0.665646
0.665646
0.665646
0.665646
0.665646
0.665646
0.665646
0.665646
0.665646
0.665646
0.665646
0.665646
0.665646
0.665646
0.665646
0.665646
0.665646
0.665646
0.665646
0.665646
0.665646
0.665646
0.665646
0.665646
0.665646
0.665646
0.665646
0.665646
0.665646
0.665646
0.665646
0.665646
0.665646
0.665646
0.665646
0.665646
0.665646
0.665646
0.665646
0.665646
0.665646
0.665646
0.665646
0.665646
0.665646
0.665646
0.665646
0.665646
0.665646
0.665646
0.665646
0.665646
0.665646
0.665646
0.665646
0.665646
0.665646
0.665646
0.665646
0.665646
0.665646
0.665646
0.665646
0.665646
0.665646
0.665646
0.665646
0.665646
0.665646
0.665646
0.665646
0.665646
0.665646
0.665646
0.665646
0.665646
0.665646
0.665646
0.665646
0.665646
0.665646
0.665646
0.665646
0.665646
0.665646
0.665646
0.665646
0.665646
0.665646
0.665646
0.665646
0.665646
0.665646
0.665646
0.665646
0.665646
0.665646
0.665646
0.665646
0.665646
0.665646
0.665646
0.665646
0.665646
0.665646
0.665646
0.665646
0.665646
0.665646
0.665646
0.665646
0.665646
0.665646
0.665646
0.665646
0.665646
0.665646
0.665646
0.665646
0.665646
0.665646
0.665646
0.665646
0.665646
0.665646
0.665646
0.665646
0.665646
0.665646
0.665646
0.665646
0.665646
0.665646
0.665646
0.665646
0.665646
0.665646
0.665646
0.665646
0.665646
0.665646
0.665646
0.665646
0.665646
0.665646
0.665646
0.665646
0.665646
0.665646
0.665646
0.665646
0.665646
0.665646
0.665646
0.665646
0.665646
0.665646
0.665646
0.665646
0.665646
0.665646
0.665646
0.665646
0.665646
0.665646
0.665646
0.665646
0.665646
0.665646
0.665646
0.665646
0.665646
0.665646
0.665646
0.665646
0.665646
0.665646
0.665646
0.665646
0.665646
0.665646
0.665646
0.665646
0.665646
0.665646
0.665646
0.665646
0.665646
0.665646
0.665646
0.665646
0.665646
0.665646
0.665646
0.665646
0.665646
0.665646
0.665646
0.665646
0.665646
0.665646
0.665646
0.665646
0.665646
0.665646
0.665646
0.665646
0.665646
0.665646
0.665646
0.665646
0.665646
0.665646
0.665646
0.665646
0.665646
0.665646
0.665646
0.665646
0.665646
0.665646
0.665646
0.665646
0.665646
0.665646
0.665646
0.665646
0.665646
0.665646
0.665646
0.665646
0.665646
0.665646
0.665646
0.665646
0.665646
0.665646
0.665646
0.665646
0.665646
0.665646
0.665646
0.665646
0.665646
0.665646
0.665646
0.665646
0.665646
0.665646
0.665646
0.665646
0.665646
0.665646
0.665646
0.665646
0.665646
0.665646
0.665646
0.665646
0.665646
0.665646
0.665646
0.665646
0.665646
0.665646
0.665646
0.665646
0.665646
0.665646
0.665646
0.665646
0.665646
0.665646
0.665646
0.665646
0.665646
0.665646
0.665646
0.665646
0.665646
0.665646
0.665646
0.665646
0.665646
0.665646
0.665646
0.665646
0.665646
0.665646
0.665646
0.665646
0.665646
0.665646
0.665646
0.665646
0.665646
0.665646
0.665646
0.665646
0.665646
0.665646
0.665646
0.665646
0.665646
0.665646
0.665646
0.665646
0.665646
0.665646
0.665646
0.665646
0.665646
0.665646
0.665646
0.665646
0.665646
0.665646
0.665646
0.665646
0.665646
0.665646
0.665646
0.665646
0.665646
0.665646
0.665646
0.665646
0.665646
0.665646
0.665646
0.665646
0.665646
0.665646
0.665646
0.665646
0.665646
0.665646
0.665646
0.665646
0.665646
0.665646
0.665646
0.665646
0.665646
0.665646
0.665646
0.665646
0.665646
0.665646
0.665646
0.665646
0.665646
0.665646
0.665646
0.665646
0.665646
0.665646
0.665646
0.665646
0.665646
0.665646
0.665646
0.665646
0.665646
0.665646
0.665646
0.665646
0.665646
0.665646
0.665646
0.665646
0.665646
0.665646
0.665646
0.665646
0.665646
0.665646
0.665646
0.665646
0.665646
0.665646
0.665646
0.665646
0.665646
0.665646
0.665646
0.665646
0.665646
0.665646
0.665646
0.665646
0.665646
0.665646
0.665646
0.665646
0.665646
0.665646
0.665646
0.665646
0.665646
0.665646
0.665646
0.665646
0.665646
0.665646
0.665646
0.665646
0.665646
0.665646
0.665646
0.665646
0.665646
0.665646
0.665646
0.665646
0.665646
0.665646
0.665646
0.665646
0.665646
0.665646
0.665646
0.665646
0.665646
0.665646
0.665646
0.665646
0.665646
0.665646
0.665646
0.665646
0.665646
0.665646
0.665646
0.665646
0.665646
0.665646
0.665646
0.665646
0.665646
0.665646
0.665646
0.665646
0.665646
0.665646
0.665646
0.665646
0.665646
0.665646
0.665646
0.665646
0.665646
0.665646
0.665646
0.665646
0.665646
0.665646
0.665646
0.665646
0.665646
0.665646
0.665646
0.665646
0.665646
0.665646
0.665646
0.665646
0.665646
0.665646
0.665646
0.665646
0.665646
0.665646
0.665646
0.665646
0.665646
0.665646
0.665646
0.665646
0.665646
0.665646
0.665646
0.665646
0.665646
0.665646
0.665646
0.665646
0.665646
0.665646
0.665646
0.665646
0.665646
0.665646
0.665646
0.665646
0.665646
0.665646
0.665646
0.665646
0.665646
0.665646
0.665646
0.665646
0.665646
0.665646
0.665646
0.665646
0.665646
0.665646
0.665646
0.665646
0.665646
0.665646
0.665646
0.665646
0.665646
0.665646
0.665646
0.665646
0.665646
0.665646
0.665646
0.665646
0.665646
0.665646
0.665646
0.665646
0.665646
0.665646
0.665646
0.665646
0.665646
0.665646
0.665646
0.665646
0.665646
0.665646
0.665646
0.665646
0.665646
0.665646
0.665646
0.665646
0.665646
0.665646
0.665646
0.665646
0.665646
0.665646
0.665646
0.665646
0.665646
0.665646
0.665646
0.665646
0.665646
0.665646
0.665646
0.665646
0.665646
0.665646
0.665646
0.665646
0.665646
0.665646
0.665646
0.665646
0.665646
0.665646
0.665646
0.665646
0.665646
0.665646
0.665646
0.665646
0.665646
0.665646
0.665646
0.665646
0.665646
0.665646
0.665646
0.665646
0.665646
0.665646
0.665646
0.665646
0.665646
0.665646
0.665646
0.665646
0.665646
0.665646
0.665646
0.665646
0.665646
0.665646
0.665646
0.665646
0.665646
0.665646
0.665646
0.665646
0.665646
0.665646
0.665646
0.665646
0.665646
0.665646
0.665646
0.665646
0.665646
0.665646
0.665646
0.665646
0.665646
0.665646
0.665646
0.665646
0.665646
0.665646
0.665646
0.665646
0.665646
0.665646
0.665646
0.665646
0.665646
0.665646
0.665646
0.665646
0.665646
0.665646
0.665646
0.665646
0.665646
0.665646
0.665646
0.665646
0.665646
0.665646
0.665646
0.665646
0.665646
0.665646
0.665646
0.665646
0.665646
0.665646
0.665646
0.665646
0.665646
0.665646
0.665646
0.665646
0.665646
0.665646
0.665646
0.665646
0.665646
0.665646
0.665646
0.665646
0.665646
0.665646
0.665646
0.665646
0.665646
0.665646
0.665646
0.665646
0.665646
0.665646
0.665646
0.665646
0.665646
0.665646
0.665646
0.665646
0.665646
0.665646
0.665646
0.665646
0.665646
0.665646
0.665646
0.665646
0.665646
0.665646
0.665646
0.665646
0.665646
0.665646
0.665646
0.665646
0.665646
0.665646
0.665646
0.665646
0.665646
0.665646
0.665646
0.665646
0.665646
0.665646
0.665646
0.665646
0.665646
0.665646
0.665646
0.665646
0.665646
0.665646
0.665646
0.665646
0.665646
0.665646
0.665646
0.665646
0.665646
0.665646
0.665646
0.665646
0.665646
0.665646
0.665646
0.665646
0.665646
0.665646
0.665646
0.665646
0.665646
0.665646
0.665646
0.665646
0.665646
0.665646
0.665646
0.665646
0.665646
0.665646
0.665646
0.665646
0.665646
0.665646
0.665646
0.665646
0.665646
0.665646
0.665646
0.665646
0.665646
0.665646
0.665646
0.665646
0.665646
0.665646
0.665646
0.665646
0.665646
0.665646
0.665646
0.665646
0.665646
0.665646
0.665646
0.665646
0.665646
0.665646
0.665646
0.665646
0.665646
0.665646
0.665646
0.665646
0.665646
0.665646
0.665646
0.665646
0.665646
0.665646
0.665646
0.665646
0.665646
0.665646
0.665646
0.665646
0.665646
0.665646
0.665646
0.665646
0.665646
0.665646
0.665646
0.665646
0.665646
0.665646
0.665646
0.665646
0.665646
0.665646
0.665646
0.665646
0.665646
0.665646
0.665646
0.665646
0.665646
0.665646
0.665646
0.665646
0.665646
0.665646
0.665646
0.665646
0.665646
0.665646
0.665646
0.665646
0.665646
0.665646
0.665646
0.665646
0.665646
0.665646
0.665646
0.665646
0.665646
0.665646
0.665646
0.665646
0.665646
0.665646
0.665646
0.665646
0.665646
0.665646
0.665646
0.665646
0.665646
0.665646
0.665646
0.665646
0.665646
0.665646
0.665646
0.665646
0.665646
0.665646
0.665646
0.665646
0.665646
0.665646
0.665646
0.665646
0.665646
0.665646
0.665646
0.665646
0.665646
0.665646
0.665646
0.665646
0.665646
0.665646
0.665646
0.665646
0.665646
0.665646
0.665646
0.665646
0.665646
0.665646
0.665646
0.665646
0.665646
0.665646
0.665646
0.665646
0.665646
0.665646
0.665646
0.665646
0.665646
0.665646
0.665646
0.665646
0.665646
0.665646
0.665646
0.665646
0.665646
0.665646
0.665646
0.665646
0.665646
0.665646
0.665646
0.665646
0.665646
0.665646
0.665646
0.665646
0.665646
0.665646
0.665646
0.665646
0.665646
0.665646
0.665646
0.665646
0.665646
0.665646
0.665646
0.665646
0.665646
0.665646
0.665646
0.665646
0.665646
0.665646
0.665646
0.665646
0.665646
0.665646
0.665646
0.665646
0.665646
0.665646
0.665646
0.665646
0.665646
0.665646
0.665646
0.665646
0.665646
0.665646
0.665646
0.665646
0.665646
0.665646
0.665646
0.665646
0.665646
0.665646
0.665646
0.665646
0.665646
0.665646
0.665646
0.665646
0.665646
0.665646
0.665646
0.665646
0.665646
0.665646
0.665646
0.665646
0.665646
0.665646
0.665646
0.665646
0.665646
0.665646
0.665646
0.665646
0.665646
0.665646
0.665646
0.665646
0.665646
0.665646
0.665646
0.665646
0.665646
0.665646
0.665646
0.665646
0.665646
0.665646
0.665646
0.665646
0.665646
0.665646
0.665646
0.665646
0.665646
0.665646
0.665646
0.665646
0.665646
0.665646
0.665646
0.665646
0.665646
0.665646
0.665646
0.665646
0.665646
0.665646
0.665646
0.665646
0.665646
0.665646
0.665646
0.665646
0.665646
0.665646
0.665646
0.665646
0.665646
0.665646
0.665646
0.665646
0.665646
0.665646
0.665646
0.665646
0.665646
0.665646
0.665646
0.665646
0.665646
0.665646
0.665646
0.665646
0.665646
0.665646
0.665646
0.665646
0.665646
0.665646
0.665646
0.665646
0.665646
0.665646
0.665646
0.665646
0.665646
0.665646
0.665646
0.665646
0.665646
0.665646
0.665646
0.665646
0.665646
0.665646
0.665646
0.665646
0.665646
0.665646
0.665646
0.665646
0.665646
0.665646
0.665646
0.665646
0.665646
0.665646
0.665646
0.665646
0.665646
0.665646
0.665646
0.665646
0.665646
0.665646
0.665646
0.665646
0.665646
0.665646
0.665646
0.665646
0.665646
0.665646
0.665646
0.665646
0.665646
0.665646
0.665646
0.665646
0.665646
0.665646
0.665646
0.665646
0.665646
0.665646
0.665646
0.665646
0.665646
0.665646
0.665646
0.665646
0.665646
0.665646
0.665646
0.6656457681
0.6656457611
0.6656457524
0.6656457372
0.6656457101
0.6656456667
0.6656456059
0.6656455295
0.6656436542
0.6656435531
0.665643459
0.6656433562
0.6656432241
0.6656430456
0.6656428132
0.6656425297
0.6656375376
0.6656372472
0.6656369984
0.6656367722
0.6656365383
0.6656362662
0.6656359365
0.6656355456
0.665628684
0.6656283237
0.6656280151
0.6656277318
0.6656274348
0.6656270875
0.6656266686
0.6656178381
0.6656173264
0.6656168851
0.6656164937
0.665616106
0.665615665
0.665615125
0.6656144662
0.6656016332
0.665600878
0.6656002325
0.6655996661
0.6655991142
0.6655984987
0.6655977584
0.6655968673
0.6655797413
0.6655787859
0.6655779672
0.6655772326
0.6655764884
0.6655756315
0.6655745899
0.6655733406
0.6655501044
0.6655488384
0.6655477505
0.6655467565
0.6655457215
0.6655445091
0.6655430328
0.6655412749
0.665509417
0.6655077334
0.6655062767
0.665504913
0.665503449
0.6655017055
0.6654995814
0.6654557941
0.6654531584
0.665450894
0.6654489249
0.66544705
0.6654450011
0.6654425469
0.6654395703
0.6653798937
0.6653764195
0.6653734406
0.6653708155
0.6653682417
0.6653653503
0.6653618513
0.6653576208
0.6652757641
0.665271119
0.6652671404
0.665263592
0.6652600319
0.6652559618
0.6652510211
0.6652450841
0.6651334892
0.6651273525
0.6651220848
0.665117301
0.6651123626
0.6651066071
0.6650995996
0.665091234
0.6649387352
0.6649305839
0.6649235575
0.6649170513
0.6649101577
0.664902008
0.6648920873
0.6648803373
0.6646723225
0.6646615206
0.6646521471
0.6646432785
0.6646336483
0.6646221374
0.664608156
0.6643253206
0.6643086713
0.6642943907
0.6642818693
0.6642697189
0.6642561943
0.66423988
0.6642201314
0.6638336153
0.6638114915
0.6637925412
0.6637757167
0.6637589747
0.6637399484
0.663716876
0.663689093
0.6631623441
0.6631330649
0.6631079657
0.6630853355
0.663062224
0.6630354775
0.6630029516
0.6629640369
0.662248105
0.662209476
0.6621762487
0.6621457206
0.6621136968
0.6620760431
0.6620302147
0.6619757929
0.6610038845
0.6609529365
0.6609088613
0.6608675164
0.6608230411
0.660770106
0.660705774
0.6593930573
0.659314997
0.6592480102
0.659189573
0.6591334907
0.659071722
0.6589975287
0.6589076508
0.6571334575
0.6570309263
0.656943138
0.6568656986
0.6567895494
0.6567038589
0.6566002811
0.6564753958
0.6540896611
0.6539557299
0.6538410975
0.6537385988
0.653635284
0.6535168519
0.6533731988
0.6532010402
0.6500150573
0.6498414106
0.6496925257
0.6495572342
0.6494174285
0.6492546225
0.6490569073
0.6488216485
0.6446022919
0.6443789695
0.6441867853
0.644009004
0.643820921
0.6435991904
0.6433301984
0.6430127464
0.6374892746
0.6372053873
0.636959684
0.6367279574
0.6364773845
0.6361792482
0.6358185858
0.6286869876
0.6282707119
0.6279149155
0.6276046396
0.6273060761
0.6269768705
0.6265827162
0.6261079746
0.6170461293
0.6165323615
0.6160943734
0.6157089664
0.6153306618
0.6149065809
0.6143970746
0.6137868811
0.6025389631
0.6019201269
0.6013932958
0.6009249597
0.6004563519
0.599923856
0.5992833669
0.5985214807
0.5849523348
0.5842284451
0.5836123999
0.5830587401
0.5824947951
0.5818471251
0.5810687587
0.5801499599
0.5643275429
0.5635097949
0.5628135502
0.5621807397
0.5615257149
0.5607674869
0.5598584776
0.5421000077
0.5410572699
0.5401701528
0.5394139447
0.5387187373
0.5379886554
0.537138743
0.5361235366
0.5170021992
0.5159143315
0.5149942774
0.514208511
0.5134777091
0.5127002143
0.511791561
0.5107111667
0.4910656408
0.4899846974
0.4890753001
0.4882964824
0.4875633425
0.4867739341
0.485848897
0.484754866
0.4655176619
0.4644956807
0.4636397863
0.462903872
0.4622020786
0.461437721
0.4605404649
0.4594856159
0.4415158802
0.4405954304
0.4398273538
0.4391631869
0.4385206655
0.4378129606
0.4369813337
0.4208860995
0.4199508563
0.4191584714
0.4184988609
0.4179239878
0.4173589133
0.4167296088
0.4159898631
0.4021215908
0.4013424226
0.4006873258
0.4001424639
0.399662576
0.3991824898
0.3986420839
0.3980071422
0.3864657967
0.3858393385
0.3853161863
0.3848805826
0.3844917228
0.3840952561
0.3836444885
0.3831156455
0.3737874463
0.373298528
0.3728925486
0.3725533384
0.3722455016
0.3719253837
0.3715581727
0.3711284961
0.3637674435
0.3633950162
0.363087117
0.3628282579
0.3625887509
0.362334687
0.3620410763
0.3563284268
0.3559999946
0.3557216921
0.3554922654
0.3552976117
0.3551135621
0.354914552
0.3546832716
0.3503131626
0.3500694596
0.3498646389
0.349695956
0.3495510554
0.3494107729
0.3492563478
0.3490762169
0.3457715299
0.3455929016
0.3454438471
0.3453209537
0.3452137329
0.3451073427
0.3449883463
0.3448493114
0.3423725451
0.3422428843
0.3421353414
0.3420463599
0.3419672691
0.3418868201
0.3417956079
0.3416890733
0.3398458511
0.3397524571
0.339675363
0.3396111828
0.3395529164
0.3394922086
0.3394226221
0.3393415334
0.3379775686
0.3379107345
0.3378557342
0.33780951
0.3377665205
0.3377206751
0.3376676717
0.3366567563
0.3366001283
0.3365524427
0.3365132648
0.3364799483
0.3364481922
0.336413632
0.3363734552
0.3356287135
0.3355882396
0.3355544093
0.3355265872
0.3355025409
0.335478989
0.3354528627
0.3354223833
0.3348742787
0.3348453588
0.3348213452
0.3348015499
0.3347841429
0.334766663
0.3347469833
0.3347240114
0.3343223162
0.3343018097
0.3342848645
0.3342708061
0.3342581595
0.3342451101
0.3342302167
0.3342128496
0.3339181867
0.3339036007
0.3338915969
0.3338815643
0.3338723397
0.3338626033
0.3338513906
0.3336352824
0.3336230932
0.333612801
0.3336043439
0.3335971861
0.3335904247
0.333583118
0.3335746391
0.3334160384
0.3334073325
0.3334000398
0.3333940494
0.3333889085
0.3333839272
0.3333784411
0.3333720494
0.3332558776
0.3332496946
0.33324455
0.3332403137
0.3332366113
0.3332329246
0.3332287933
0.3332239709
0.3331388315
0.3331344374
0.3331308009
0.3331277903
0.3331251019
0.333122351
0.3331192236
0.3331155741
0.3330530846
0.3330499569
0.3330473807
0.3330452351
0.3330432797
0.3330412333
0.3330388844
0.3330361517
0.3329906125
0.3329884116
0.3329866034
0.3329850817
0.3329836595
0.3329821361
0.3329803732
0.3329471067
0.3329452646
0.3329437183
0.33294245
0.3329413704
0.3329403374
0.3329392101
0.3329378996
0.3329137837
0.3329124919
0.3329114143
0.3329105267
0.332909754
0.332908989
0.3329081348
0.3329071372
0.3328893654
0.3328884365
0.3328876663
0.3328870296
0.3328864647
0.332885891
0.3328852412
0.3328844826
0.3328714163
0.3328707539
0.3328702085
0.3328697576
0.3328693529
0.3328689359
0.3328684607
0.3328679079
0.332858549
0.3328580952
0.3328577213
0.3328574064
0.3328571124
0.3328567979
0.3328564339
0.3328494544
0.3328490635
0.3328487338
0.3328484617
0.3328482278
0.3328480016
0.3328477528
0.3328474624
0.3328427022
0.3328424256
0.332842202
0.3328420386
0.3328419337
0.3328418744
0.332841841
0.3328418163
0.3328418163
0.332841841
0.3328418744
0.3328419337
0.3328420386
0.332842202
0.3328424256
0.3328427022
0.3328474624
0.3328477528
0.3328480016
0.3328482278
0.3328484617
0.3328487338
0.3328490635
0.3328494544
0.3328564339
0.3328567979
0.3328571124
0.3328574064
0.3328577213
0.3328580952
0.332858549
0.3328679079
0.3328684607
0.3328689359
0.3328693529
0.3328697576
0.3328702085
0.3328707539
0.3328714163
0.3328844826
0.3328852412
0.332885891
0.3328864647
0.3328870296
0.3328876663
0.3328884365
0.3328893654
0.3329071372
0.3329081348
0.332908989
0.332909754
0.3329105267
0.3329114143
0.3329124919
0.3329137837
0.3329378996
0.3329392101
0.3329403374
0.3329413704
0.33294245
0.3329437183
0.3329452646
0.3329471067
0.3329803732
0.3329821361
0.3329836595
0.3329850817
0.3329866034
0.3329884116
0.3329906125
0.332993212
0.3330388844
0.3330412333
0.3330432797
0.3330452351
0.3330473807
0.3330499569
0.3330530846
0.3331155741
0.3331192236
0.333122351
0.3331251019
0.3331277903
0.3331308009
0.3331344374
0.3331388315
0.3332239709
0.3332287933
0.3332329246
0.3332366113
0.3332403137
0.33324455
0.3332496946
0.3332558776
0.3333720494
0.3333784411
0.3333839272
0.3333889085
0.3333940494
0.3334000398
0.3334073325
0.3334160384
0.3335746391
0.333583118
0.3335904247
0.3335971861
0.3336043439
0.333612801
0.3336230932
0.3336352824
0.3338513906
0.3338626033
0.3338723397
0.3338815643
0.3338915969
0.3339036007
0.3339181867
0.3342128496
0.3342302167
0.3342451101
0.3342581595
0.3342708061
0.3342848645
0.3343018097
0.3343223162
0.3347240114
0.3347469833
0.334766663
0.3347841429
0.3348015499
0.3348213452
0.3348453588
0.3348742787
0.3354223833
0.3354528627
0.335478989
0.3355025409
0.3355265872
0.3355544093
0.3355882396
0.3356287135
0.3363734552
0.336413632
0.3364481922
0.3364799483
0.3365132648
0.3365524427
0.3366001283
0.3366567563
0.3376676717
0.3377206751
0.3377665205
0.33780951
0.3378557342
0.3379107345
0.3379775686
0.3393415334
0.3394226221
0.3394922086
0.3395529164
0.3396111828
0.339675363
0.3397524571
0.3398458511
0.3416890733
0.3417956079
0.3418868201
0.3419672691
0.3420463599
0.3421353414
0.3422428843
0.3423725451
0.3448493114
0.3449883463
0.3451073427
0.3452137329
0.3453209537
0.3454438471
0.3455929016
0.3457715299
0.3490762169
0.3492563478
0.3494107729
0.3495510554
0.349695956
0.3498646389
0.3500694596
0.3503131626
0.3546832716
0.354914552
0.3551135621
0.3552976117
0.3554922654
0.3557216921
0.3559999946
0.3563284268
0.3620410763
0.362334687
0.3625887509
0.3628282579
0.363087117
0.3633950162
0.3637674435
0.3711284961
0.3715581727
0.3719253837
0.3722455016
0.3725533384
0.3728925486
0.373298528
0.3737874463
0.3831156455
0.3836444885
0.3840952561
0.3844917228
0.3848805826
0.3853161863
0.3858393385
0.3864657967
0.3980071422
0.3986420839
0.3991824898
0.399662576
0.4001424639
0.4006873258
0.4013424226
0.4021215908
0.4159898631
0.4167296088
0.4173589133
0.4179239878
0.4184988609
0.4191584714
0.4199508563
0.4208860995
0.4369813337
0.4378129606
0.4385206655
0.4391631869
0.4398273538
0.4405954304
0.4415158802
0.4594856159
0.4605404649
0.461437721
0.4622020786
0.462903872
0.4636397863
0.4644956807
0.4655176619
0.484754866
0.485848897
0.4867739341
0.4875633425
0.4882964824
0.4890753001
0.4899846974
0.4910656408
0.5107111667
0.511791561
0.5127002143
0.5134777091
0.514208511
0.5149942774
0.5159143315
0.5170021992
0.5361235366
0.537138743
0.5379886554
0.5387187373
0.5394139447
0.5401701528
0.5410572699
0.5421000077
0.5598584776
0.5607674869
0.5615257149
0.5621807397
0.5628135502
0.5635097949
0.5643275429
0.5801499599
0.5810687587
0.5818471251
0.5824947951
0.5830587401
0.5836123999
0.5842284451
0.5849523348
0.5985214807
0.5992833669
0.599923856
0.6004563519
0.6009249597
0.6013932958
0.6019201269
0.6025389631
0.6137868811
0.6143970746
0.6149065809
0.6153306618
0.6157089664
0.6160943734
0.6165323615
0.6170461293
0.6261079746
0.6265827162
0.6269768705
0.6273060761
0.6276046396
0.6279149155
0.6282707119
0.6286869876
0.6358185858
0.6361792482
0.6364773845
0.6367279574
0.636959684
0.6372053873
0.6374892746
0.6378201275
0.6433301984
0.6435991904
0.643820921
0.644009004
0.6441867853
0.6443789695
0.6446022919
0.6488216485
0.6490569073
0.6492546225
0.6494174285
0.6495572342
0.6496925257
0.6498414106
0.6500150573
0.6532010402
0.6533731988
0.6535168519
0.653635284
0.6537385988
0.6538410975
0.6539557299
0.6540896611
0.6564753958
0.6566002811
0.6567038589
0.6567895494
0.6568656986
0.656943138
0.6570309263
0.6571334575
0.6589076508
0.6589975287
0.659071722
0.6591334907
0.659189573
0.6592480102
0.659314997
0.6593930573
0.660705774
0.660770106
0.6608230411
0.6608675164
0.6609088613
0.6609529365
0.6610038845
0.6619757929
0.6620302147
0.6620760431
0.6621136968
0.6621457206
0.6621762487
0.662209476
0.662248105
0.6629640369
0.6630029516
0.6630354775
0.663062224
0.6630853355
0.6631079657
0.6631330649
0.6631623441
0.663689093
0.663716876
0.6637399484
0.6637589747
0.6637757167
0.6637925412
0.6638114915
0.6638336153
0.6642201314
0.66423988
0.6642561943
0.6642697189
0.6642818693
0.6642943907
0.6643086713
0.6643253206
0.664608156
0.6646221374
0.6646336483
0.6646432785
0.6646521471
0.6646615206
0.6646723225
0.6648803373
0.6648920873
0.664902008
0.6649101577
0.6649170513
0.6649235575
0.6649305839
0.6649387352
0.665091234
0.6650995996
0.6651066071
0.6651123626
0.665117301
0.6651220848
0.6651273525
0.6651334892
0.6652450841
0.6652510211
0.6652559618
0.6652600319
0.665263592
0.6652671404
0.665271119
0.6652757641
0.6653576208
0.6653618513
0.6653653503
0.6653682417
0.6653708155
0.6653734406
0.6653764195
0.6653798937
0.6654395703
0.6654425469
0.6654450011
0.66544705
0.6654489249
0.665450894
0.6654531584
0.6654557941
0.6654995814
0.6655017055
0.665503449
0.665504913
0.6655062767
0.6655077334
0.665509417
0.6655412749
0.6655430328
0.6655445091
0.6655457215
0.6655467565
0.6655477505
0.6655488384
0.6655501044
0.6655733406
0.6655745899
0.6655756315
0.6655764884
0.6655772326
0.6655779672
0.6655787859
0.6655797413
0.6655968673
0.6655977584
0.6655984987
0.6655991142
0.6655996661
0.6656002325
0.665600878
0.6656016332
0.6656144662
0.665615125
0.665615665
0.665616106
0.6656164937
0.6656168851
0.6656173264
0.6656178381
0.6656266686
0.6656270875
0.6656274348
0.6656277318
0.6656280151
0.6656283237
0.665628684
0.6656355456
0.6656359365
0.6656362662
0.6656365383
0.6656367722
0.6656369984
0.6656372472
0.6656375376
0.6656425297
0.6656428132
0.6656430456
0.6656432241
0.6656433562
0.665643459
0.6656435531
0.6656436542
0.6656455295
0.6656456059
0.6656456667
0.6656457101
0.6656457372
0.6656457524
0.6656457611
0.6656457681
0.665646
0.665646
0.665646
0.665646
0.665646
0.665646
0.665646
0.665646
0.665646
0.665646
0.665646
0.665646
0.665646
0.665646
0.665646
0.665646
0.665646
0.665646
0.665646
0.665646
0.665646
0.665646
0.665646
0.665646
0.665646
0.665646
0.665646
0.665646
0.665646
0.665646
0.665646
0.665646
0.665646
0.665646
0.665646
0.665646
0.665646
0.665646
0.665646
0.665646
0.665646
0.665646
0.665646
0.665646
0.665646
0.665646
0.665646
0.665646
0.665646
0.665646
0.665646
0.665646
0.665646
0.665646
0.665646
0.665646
0.665646
0.665646
0.665646
0.665646
0.665646
0.665646
0.665646
0.665646
0.665646
0.665646
0.665646
0.665646
0.665646
0.665646
0.665646
0.665646
0.665646
0.665646
0.665646
0.665646
0.665646
0.665646
0.665646
0.665646
0.665646
0.665646
0.665646
0.665646
0.665646
0.665646
0.665646
0.665646
0.665646
0.665646
0.665646
0.665646
0.665646
0.665646
0.665646
0.665646
0.665646
0.665646
0.665646
0.665646
0.665646
0.665646
0.665646
0.665646
0.665646
0.665646
0.665646
0.665646
0.665646
0.665646
0.665646
0.665646
0.665646
0.665646
0.665646
0.665646
0.665646
0.665646
0.665646
0.665646
0.665646
0.665646
0.665646
0.665646
0.665646
0.665646
0.665646
0.665646
0.665646
0.665646
0.665646
0.665646
0.665646
0.665646
0.665646
0.665646
0.665646
0.665646
0.665646
0.665646
0.665646
0.665646
0.665646
0.665646
0.665646
0.665646
0.665646
0.665646
0.665646
0.665646
0.665646
0.665646
0.665646
0.665646
0.665646
0.665646
0.665646
0.665646
0.665646
0.665646
0.665646
0.665646
0.665646
0.665646
0.665646
0.665646
0.665646
0.665646
0.665646
0.665646
0.665646
0.665646
0.665646
0.665646
0.665646
0.665646
0.665646
0.665646
0.665646
0.665646
0.665646
0.665646
0.665646
0.665646
0.665646
0.665646
0.665646
0.665646
0.665646
0.665646
0.665646
0.665646
0.665646
0.665646
0.665646
0.665646
0.665646
0.665646
0.665646
0.665646
0.665646
0.665646
0.665646
0.665646
0.665646
0.665646
0.665646
0.665646
0.665646
0.665646
0.665646
0.665646
0.665646
0.665646
0.665646
0.665646
0.665646
0.665646
0.665646
0.665646
0.665646
0.665646
0.665646
0.665646
0.665646
0.665646
0.665646
0.665646
0.665646
0.665646
0.665646
0.665646
0.665646
0.665646
0.665646
0.665646
0.665646
0.665646
0.665646
0.665646
0.665646
0.665646
0.665646
0.665646
0.665646
0.665646
0.665646
0.665646
0.665646
0.665646
0.665646
0.665646
0.665646
0.665646
0.665646
0.665646
0.665646
0.665646
0.665646
0.665646
0.665646
0.665646
0.665646
0.665646
0.665646
0.665646
0.665646
0.665646
0.665646
0.665646
0.665646
0.665646
0.665646
0.665646
0.665646
0.665646
0.665646
0.665646
0.665646
0.665646
0.665646
0.665646
0.665646
0.665646
0.665646
0.665646
0.665646
0.665646
0.665646
0.665646
0.665646
0.665646
0.665646
0.665646
0.665646
0.665646
0.665646
0.665646
0.665646
0.665646
0.665646
0.665646
0.665646
0.665646
0.665646
0.665646
0.665646
0.665646
0.665646
0.665646
0.665646
0.665646
0.665646
0.665646
0.665646
0.665646
0.665646
0.665646
0.665646
0.665646
0.665646
0.665646
0.665646
0.665646
0.665646
0.665646
0.665646
0.665646
0.665646
0.665646
0.665646
0.665646
0.665646
0.665646
0.665646
0.665646
0.665646
0.665646
0.665646
0.665646
0.665646
0.665646
0.665646
0.665646
0.665646
0.665646
0.665646
0.665646
0.665646
0.665646
0.665646
0.665646
0.665646
0.665646
0.665646
0.665646
0.665646
0.665646
0.665646
0.665646
0.665646
0.665646
0.665646
0.665646
0.665646
0.665646
0.665646
0.665646
0.665646
0.665646
0.665646
0.665646
0.665646
0.665646
0.665646
0.665646
0.665646
0.665646
0.665646
0.665646
0.665646
0.665646
0.665646
0.665646
0.665646
0.665646
0.665646
0.665646
0.665646
0.665646
0.665646
0.665646
0.665646
0.665646
0.665646
0.665646
0.665646
0.665646
0.665646
0.665646
0.665646
0.665646
0.665646
0.665646
0.665646
0.665646
0.665646
0.665646
0.665646
0.665646
0.665646
0.665646
0.665646
0.665646
0.665646
0.665646
0.665646
0.665646
0.665646
0.665646
0.665646
0.665646
0.665646
0.665646
0.665646
0.665646
0.665646
0.665646
0.665646
0.665646
0.665646
0.665646
0.665646
0.665646
0.665646
0.665646
0.665646
0.665646
0.665646
0.665646
0.665646
0.665646
0.665646
0.665646
0.665646
0.665646
0.665646
0.665646
0.665646
0.665646
0.665646
0.665646
0.665646
0.665646
0.665646
0.665646
0.665646
0.665646
0.665646
0.665646
0.665646
0.665646
0.665646
0.665646
0.665646
0.665646
0.665646
0.665646
0.665646
0.665646
0.665646
0.665646
0.665646
0.665646
0.665646
0.665646
0.665646
0.665646
0.665646
0.665646
0.665646
0.665646
0.665646
0.665646
0.665646
0.665646
0.665646
0.665646
0.665646
0.665646
0.665646
0.665646
0.665646
0.665646
0.665646
0.665646
0.665646
0.665646
0.665646
0.665646
0.665646
0.665646
0.665646
0.665646
0.665646
0.665646
0.665646
0.665646
0.665646
0.665646
0.665646
0.665646
0.665646
0.665646
0.665646
0.665646
0.665646
0.665646
0.665646
0.665646
0.665646
0.665646
0.665646
0.665646
0.665646
0.665646
0.665646
0.665646
0.665646
0.665646
0.665646
0.665646
0.665646
0.665646
0.665646
0.665646
0.665646
0.665646
0.665646
0.665646
0.665646
0.665646
0.665646
0.665646
0.665646
0.665646
0.665646
0.665646
0.665646
0.665646
0.665646
0.665646
0.665646
0.665646
0.665646
0.665646
0.665646
0.665646
0.665646
0.665646
0.665646
0.665646
0.665646
0.665646
0.665646
0.665646
0.665646
0.665646
0.665646
0.665646
0.665646
0.665646
0.665646
0.665646
0.665646
0.665646
0.665646
0.665646
0.665646
0.665646
0.665646
0.665646
0.665646
0.665646
0.665646
0.665646
0.665646
0.665646
0.665646
0.665646
0.665646
0.665646
0.665646
0.665646
0.665646
0.665646
0.665646
0.665646
0.665646
0.665646
0.665646
0.665646
0.665646
0.665646
0.665646
0.665646
0.665646
0.665646
0.665646
0.665646
0.665646
0.665646
0.665646
0.665646
0.665646
0.665646
0.665646
0.665646
0.665646
0.665646
0.665646
0.665646
0.665646
0.665646
0.665646
0.665646
0.665646
0.665646
0.665646
0.665646
0.665646
0.665646
0.665646
0.665646
0.665646
0.665646
0.665646
0.665646
0.665646
0.665646
0.665646
0.665646
0.665646
0.665646
0.665646
0.665646
0.665646
0.665646
0.665646
0.665646
0.665646
0.665646
0.665646
0.665646
0.665646
0.665646
0.665646
0.665646
0.665646
0.665646
0.665646
0.665646
0.665646
0.665646
0.665646
0.665646
0.665646
0.665646
0.665646
0.665646
0.665646
0.665646
0.665646
0.665646
0.665646
0.665646
0.665646
0.665646
0.665646
0.665646
0.665646
0.665646
0.665646
0.665646
0.665646
0.665646
0.665646
0.665646
0.665646
0.665646
0.665646
0.665646
0.665646
0.665646
0.665646
0.665646
0.665646
0.665646
0.665646
0.665646
0.665646
0.665646
0.665646
0.665646
0.665646
0.665646
0.665646
0.665646
0.665646
0.665646
0.665646
0.665646
0.665646
0.665646
0.665646
0.665646
0.665646
0.665646
0.665646
0.665646
0.665646
0.665646
0.665646
0.665646
0.665646
0.665646
0.665646
0.665646
0.665646
0.665646
0.665646
0.665646
0.665646
0.665646
0.665646
0.665646
0.665646
0.665646
0.665646
0.665646
0.665646
0.665646
0.665646
0.665646
0.665646
0.665646
0.665646
0.665646
0.665646
0.665646
0.665646
0.665646
0.665646
0.665646
0.665646
0.665646
0.665646
0.665646
0.665646
0.665646
0.665646
0.665646
0.665646
0.665646
0.665646
0.665646
0.665646
0.665646
0.665646
0.665646
0.665646
0.665646
0.665646
0.665646
0.665646
0.665646
0.665646
0.665646
0.665646
0.665646
0.665646
0.665646
0.665646
0.665646
0.665646
0.665646
0.665646
0.665646
0.665646
0.665646
0.665646
0.665646
0.665646
0.665646
0.665646
0.665646
0.665646
0.665646
0.665646
0.665646
0.665646
0.665646
0.665646
0.665646
0.665646
0.665646
0.665646
0.665646
0.665646
0.665646
0.665646
0.665646
0.665646
0.665646
0.665646
0.665646
0.665646
0.665646
0.665646
0.665646
0.665646
0.665646
0.665646
0.665646
0.665646
0.665646
0.665646
0.665646
0.665646
0.665646
0.665646
0.665646
0.665646
0.665646
0.665646
0.665646
0.665646
0.665646
0.665646
0.665646
0.665646
0.665646
0.665646
0.665646
0.665646
0.665646
0.665646
0.665646
0.665646
0.665646
0.665646
0.665646
0.665646
0.665646
0.665646
0.665646
0.665646
0.665646
0.665646
0.665646
0.665646
0.665646
0.665646
0.665646
0.665646
0.665646
0.665646
0.665646
0.665646
0.665646
0.665646
0.665646
0.665646
0.665646
0.665646
0.665646
0.665646
0.665646
0.665646
0.665646
0.665646
0.665646
0.665646
0.665646
0.665646
0.665646
0.665646
0.665646
0.665646
0.665646
0.665646
0.665646
0.665646
0.665646
0.665646
0.665646
0.665646
0.665646
0.665646
0.665646
0.665646
0.665646
0.665646
0.665646
0.665646
0.665646
0.665646
0.665646
0.665646
0.665646
0.665646
0.665646
0.665646
0.665646
0.665646
0.665646
0.665646
0.665646
0.665646
0.665646
0.665646
0.665646
0.665646
0.665646
0.665646
0.665646
0.665646
0.665646
0.665646
0.665646
0.665646
0.665646
0.665646
0.665646
0.665646
0.665646
0.665646
0.665646
0.665646
0.665646
0.665646
0.665646
0.665646
0.665646
0.665646
0.665646
0.665646
0.665646
0.665646
0.665646
0.665646
0.665646
0.665646
0.665646
0.665646
0.665646
0.665646
0.665646
0.665646
0.665646
0.665646
0.665646
0.665646
0.665646
0.665646
0.665646
0.665646
0.665646
0.665646
0.665646
0.665646
0.665646
0.665646
0.665646
0.665646
0.665646
0.665646
0.665646
0.665646
0.665646
0.665646
0.665646
0.665646
0.665646
0.665646
0.665646
0.665646
0.665646
0.665646
0.665646
0.665646
0.665646
0.665646
0.665646
0.665646
0.665646
0.665646
0.665646
0.665646
0.665646
0.665646
0.665646
0.665646
0.665646
0.665646
0.665646
0.665646
0.665646
0.665646
0.665646
0.665646
0.665646
0.665646
0.665646
0.665646
0.665646
0.665646
0.665646
0.665646
0.665646
0.665646
0.665646
0.665646
0.665646
0.665646
0.665646
0.665646
0.665646
0.665646
0.665646
0.665646
0.665646
0.665646
0.665646
0.665646
0.665646
0.665646
0.665646
0.665646
0.665646
0.665646
0.665646
0.665646
0.665646
0.665646
0.665646
0.665646
0.665646
0.665646
0.665646
0.665646
0.665646
0.665646
0.665646
0.665646
0.665646
0.665646
0.665646
0.665646
0.665646
0.665646
0.665646
0.665646
0.665646
0.665646
0.665646
0.665646
0.665646
0.665646
0.665646
0.665646
0.665646
0.665646
0.665646
0.665646
0.665646
0.665646
0.665646
0.665646
0.665646
0.665646
0.665646
0.665646
0.665646
0.665646
0.665646
0.665646
0.665646
0.665646
0.665646
0.665646
0.665646
0.665646
0.665646
0.665646
0.665646
0.665646
0.665646
0.665646
0.665646
0.665646
0.665646
0.665646
0.665646
0.665646
0.665646
0.665646
0.665646
0.665646
0.665646
0.665646
0.665646
0.665646
0.665646
0.665646
0.665646
0.665646
0.665646
0.665646
0.665646
0.665646
0.665646
0.665646
0.665646
0.665646
0.665646
0.665646
0.665646
0.665646
0.665646
0.665646
0.665646
0.665646
0.665646
0.665646
0.665646
0.665646
0.665646
0.665646
0.665646
0.665646
0.665646
0.665646
0.665646
0.665646
0.665646
0.665646
0.665646
0.665646
0.665646
0.665646
0.665646
0.665646
0.665646
0.665646
0.665646
0.665646
0.665646
0.665646
0.665646
0.665646
0.665646
0.665646
0.665646
0.665646
0.665646
0.665646
0.665646
0.665646
0.665646
0.665646
0.665646
0.665646
0.665646
0.665646
0.665646
0.665646
0.665646
0.665646
0.665646
0.665646
0.665646
0.665646
0.665646
0.665646
0.665646
0.665646
0.665646
0.665646
0.665646
0.665646
0.665646
0.665646
0.665646
0.665646
0.665646
0.665646
0.665646
0.665646
0.665646
0.665646
0.665646
0.665646
0.665646
0.665646
0.665646
0.665646
0.665646
0.665646
0.665646
0.665646
0.665646
0.665646
0.665646
0.665646
0.665646
0.665646
0.665646
0.665646
0.665646
0.665646
0.665646
0.665646
0.665646
0.665646
0.665646
0.665646
0.665646
0.665646
0.665646
0.665646
0.665646
0.665646
0.665646
0.665646
0.665646
0.665646
0.665646
0.665646
0.665646
0.665646
0.665646
0.665646
0.665646
0.665646
0.665646
0.665646
0.665646
0.665646
0.665646
0.665646
0.665646
0.665646
0.665646
0.665646
0.665646
0.665646
0.665646
0.665646
0.665646
0.665646
0.665646
0.665646
0.665646
0.665646
0.665646
0.665646
0.665646
0.665646
0.665646
0.665646
0.665646
0.665646
0.665646
0.665646
0.665646
0.665646
0.665646
0.665646
0.665646
0.665646
0.665646
0.665646
0.665646
0.665646
0.665646
0.665646
0.665646
0.665646
0.665646
0.665646
0.665646
0.665646
0.665646
0.665646
0.665646
0.665646
0.665646
0.665646
0.665646
0.665646
0.665646
0.665646
0.665646
0.665646
0.665646
0.665646
0.665646
0.665646
0.665646
0.665646
0.665646
0.665646
0.665646
0.665646
0.665646
0.665646
0.665646
0.665646
0.665646
0.665646
0.665646
0.665646
0.665646
0.665646
0.665646
0.665646
0.665646
0.665646
0.665646
0.665646
0.665646
0.665646
0.665646
0.665646
0.665646
0.665646
0.665646
0.665646
0.665646
0.665646
0.665646
0.665646
0.665646
0.665646
0.665646
0.665646
0.665646
0.665646
0.665646
0.665646
0.665646
0.665646
0.665646
0.665646
0.665646
0.665646
0.665646
0.665646
0.665646
0.665646
0.665646
0.665646
0.665646
0.665646
0.665646
0.665646
0.665646
0.665646
0.665646
0.665646
0.665646
0.665646
0.665646
0.665646
0.665646
0.665646
0.665646
0.665646
0.665646
0.665646
0.665646
0.665646
0.665646
0.665646
0.665646
0.665646
0.665646
0.665646
0.665646
0.665646
0.665646
0.665646
0.665646
0.665646
0.665646
0.665646
0.665646
0.665646
0.665646
0.665646
0.665646
0.665646
0.665646
0.665646
0.665646
0.665646
0.665646
0.665646
0.665646
0.665646
0.665646
0.665646
0.665646
0.665646
0.665646
0.665646
0.665646
0.665646
0.665646
0.665646
0.665646
0.665646
0.665646
0.665646
0.665646
0.665646
0.665646
0.665646
0.665646
0.665646
0.665646
0.665646
0.665646
0.665646
0.665646
0.665646
0.665646
0.665646
0.665646
0.665646
0.665646
0.665646
0.665646
0.665646
0.665646
0.665646
0.665646
0.665646
0.665646
0.665646
0.665646
0.665646
0.665646
0.665646
0.665646
0.665646
0.665646
0.665646
0.665646
0.665646
0.665646
0.665646
0.665646
0.665646
0.665646
0.665646
0.665646
0.665646
0.665646
0.665646
0.665646
0.665646
0.665646
0.665646
0.665646
0.665646
0.665646
0.665646
0.665646
0.665646
0.665646
0.665646
0.665646
0.665646
0.665646
0.665646
0.665646
0.665646
0.665646
0.665646
0.665646
)
;

boundaryField
{
    left
    {
        type            cyclic;
    }
    right
    {
        type            cyclic;
    }
    top
    {
        type            zeroGradient;
    }
    bottom
    {
        type            zeroGradient;
    }
    frontAndback
    {
        type            empty;
    }
}


// ************************************************************************* //
