/*--------------------------------*- C++ -*----------------------------------*\
  =========                 |
  \\      /  F ield         | OpenFOAM: The Open Source CFD Toolbox
   \\    /   O peration     | Website:  https://openfoam.org
    \\  /    A nd           | Version:  10
     \\/     M anipulation  |
\*---------------------------------------------------------------------------*/
FoamFile
{
    format      ascii;
    class       volScalarField;
    location    "0";
    object      NH3;
}
// * * * * * * * * * * * * * * * * * * * * * * * * * * * * * * * * * * * * * //

dimensions      [0 0 0 0 0 0 0];

internalField   nonuniform List<scalar> 
4000
(
0.130168
0.130168
0.130168
0.130168
0.130168
0.130168
0.130168
0.130168
0.130168
0.130168
0.130168
0.130168
0.130168
0.130168
0.130168
0.130168
0.130168
0.130168
0.130168
0.130168
0.130168
0.130168
0.130168
0.130168
0.130168
0.130168
0.130168
0.130168
0.130168
0.130168
0.130168
0.130168
0.130168
0.130168
0.130168
0.130168
0.130168
0.130168
0.130168
0.130168
0.130168
0.130168
0.130168
0.130168
0.130168
0.130168
0.130168
0.130168
0.130168
0.130168
0.130168
0.130168
0.130168
0.130168
0.130168
0.130168
0.130168
0.130168
0.130168
0.130168
0.130168
0.130168
0.130168
0.130168
0.130168
0.130168
0.130168
0.130168
0.130168
0.130168
0.130168
0.130168
0.130168
0.130168
0.130168
0.130168
0.130168
0.130168
0.130168
0.130168
0.130168
0.130168
0.130168
0.130168
0.130168
0.130168
0.130168
0.130168
0.130168
0.130168
0.130168
0.130168
0.130168
0.130168
0.130168
0.130168
0.130168
0.130168
0.130168
0.130168
0.130168
0.130168
0.130168
0.130168
0.130168
0.130168
0.130168
0.130168
0.130168
0.130168
0.130168
0.130168
0.130168
0.130168
0.130168
0.130168
0.130168
0.130168
0.130168
0.130168
0.130168
0.130168
0.130168
0.130168
0.130168
0.130168
0.130168
0.130168
0.130168
0.130168
0.130168
0.130168
0.130168
0.130168
0.130168
0.130168
0.130168
0.130168
0.130168
0.130168
0.130168
0.130168
0.130168
0.130168
0.130168
0.130168
0.130168
0.130168
0.130168
0.130168
0.130168
0.130168
0.130168
0.130168
0.130168
0.130168
0.130168
0.130168
0.130168
0.130168
0.130168
0.130168
0.130168
0.130168
0.130168
0.130168
0.130168
0.130168
0.130168
0.130168
0.130168
0.130168
0.130168
0.130168
0.130168
0.130168
0.130168
0.130168
0.130168
0.130168
0.130168
0.130168
0.130168
0.130168
0.130168
0.130168
0.130168
0.130168
0.130168
0.130168
0.130168
0.130168
0.130168
0.130168
0.130168
0.130168
0.130168
0.130168
0.130168
0.130168
0.130168
0.130168
0.130168
0.130168
0.130168
0.130168
0.130168
0.130168
0.130168
0.130168
0.130168
0.130168
0.130168
0.130168
0.130168
0.130168
0.130168
0.130168
0.130168
0.130168
0.130168
0.130168
0.130168
0.130168
0.130168
0.130168
0.130168
0.130168
0.130168
0.130168
0.130168
0.130168
0.130168
0.130168
0.130168
0.130168
0.130168
0.130168
0.130168
0.130168
0.130168
0.130168
0.130168
0.130168
0.130168
0.130168
0.130168
0.130168
0.130168
0.130168
0.130168
0.130168
0.130168
0.130168
0.130168
0.130168
0.130168
0.130168
0.130168
0.130168
0.130168
0.130168
0.130168
0.130168
0.130168
0.130168
0.130168
0.130168
0.130168
0.130168
0.130168
0.130168
0.130168
0.130168
0.130168
0.130168
0.130168
0.130168
0.130168
0.130168
0.130168
0.130168
0.130168
0.130168
0.130168
0.130168
0.130168
0.130168
0.130168
0.130168
0.130168
0.130168
0.130168
0.130168
0.130168
0.130168
0.130168
0.130168
0.130168
0.130168
0.130168
0.130168
0.130168
0.130168
0.130168
0.130168
0.130168
0.130168
0.130168
0.130168
0.130168
0.130168
0.130168
0.130168
0.130168
0.130168
0.130168
0.130168
0.130168
0.130168
0.130168
0.130168
0.130168
0.130168
0.130168
0.130168
0.130168
0.130168
0.130168
0.130168
0.130168
0.130168
0.130168
0.130168
0.130168
0.130168
0.130168
0.130168
0.130168
0.130168
0.130168
0.130168
0.130168
0.130168
0.130168
0.130168
0.130168
0.130168
0.130168
0.130168
0.130168
0.130168
0.130168
0.130168
0.130168
0.130168
0.130168
0.130168
0.130168
0.130168
0.130168
0.130168
0.130168
0.130168
0.130168
0.130168
0.130168
0.130168
0.130168
0.130168
0.130168
0.130168
0.130168
0.130168
0.130168
0.130168
0.130168
0.130168
0.130168
0.130168
0.130168
0.130168
0.130168
0.130168
0.130168
0.130168
0.130168
0.130168
0.130168
0.130168
0.130168
0.130168
0.130168
0.130168
0.130168
0.130168
0.130168
0.130168
0.130168
0.130168
0.130168
0.130168
0.130168
0.130168
0.130168
0.130168
0.130168
0.130168
0.130168
0.130168
0.130168
0.130168
0.130168
0.130168
0.130168
0.130168
0.130168
0.130168
0.130168
0.130168
0.130168
0.130168
0.130168
0.130168
0.130168
0.130168
0.130168
0.130168
0.130168
0.130168
0.130168
0.130168
0.130168
0.130168
0.130168
0.130168
0.130168
0.130168
0.130168
0.130168
0.130168
0.130168
0.130168
0.130168
0.130168
0.130168
0.130168
0.130168
0.130168
0.130168
0.130168
0.130168
0.130168
0.130168
0.130168
0.130168
0.130168
0.130168
0.130168
0.130168
0.130168
0.130168
0.130168
0.130168
0.130168
0.130168
0.130168
0.130168
0.130168
0.130168
0.130168
0.130168
0.130168
0.130168
0.130168
0.130168
0.130168
0.130168
0.130168
0.130168
0.130168
0.130168
0.130168
0.130168
0.130168
0.130168
0.130168
0.130168
0.130168
0.130168
0.130168
0.130168
0.130168
0.130168
0.130168
0.130168
0.130168
0.130168
0.130168
0.130168
0.130168
0.130168
0.130168
0.130168
0.130168
0.130168
0.130168
0.130168
0.130168
0.130168
0.130168
0.130168
0.130168
0.130168
0.130168
0.130168
0.130168
0.130168
0.130168
0.130168
0.130168
0.130168
0.130168
0.130168
0.130168
0.130168
0.130168
0.130168
0.130168
0.130168
0.130168
0.130168
0.130168
0.130168
0.130168
0.130168
0.130168
0.130168
0.130168
0.130168
0.130168
0.130168
0.130168
0.130168
0.130168
0.130168
0.130168
0.130168
0.130168
0.130168
0.130168
0.130168
0.130168
0.130168
0.130168
0.130168
0.130168
0.130168
0.130168
0.130168
0.130168
0.130168
0.130168
0.130168
0.130168
0.130168
0.130168
0.130168
0.130168
0.130168
0.130168
0.130168
0.130168
0.130168
0.130168
0.130168
0.130168
0.130168
0.130168
0.130168
0.130168
0.130168
0.130168
0.130168
0.130168
0.130168
0.130168
0.130168
0.130168
0.130168
0.130168
0.130168
0.130168
0.130168
0.130168
0.130168
0.130168
0.130168
0.130168
0.130168
0.130168
0.130168
0.130168
0.130168
0.130168
0.130168
0.130168
0.130168
0.130168
0.130168
0.130168
0.130168
0.130168
0.130168
0.130168
0.130168
0.130168
0.130168
0.130168
0.130168
0.130168
0.130168
0.130168
0.130168
0.130168
0.130168
0.130168
0.130168
0.130168
0.130168
0.130168
0.130168
0.130168
0.130168
0.130168
0.130168
0.130168
0.130168
0.130168
0.130168
0.130168
0.130168
0.130168
0.130168
0.130168
0.130168
0.130168
0.130168
0.130168
0.130168
0.130168
0.130168
0.130168
0.130168
0.130168
0.130168
0.130168
0.130168
0.130168
0.130168
0.130168
0.130168
0.130168
0.130168
0.130168
0.130168
0.130168
0.130168
0.130168
0.130168
0.130168
0.130168
0.130168
0.130168
0.130168
0.130168
0.130168
0.130168
0.130168
0.130168
0.130168
0.130168
0.130168
0.130168
0.130168
0.130168
0.130168
0.130168
0.130168
0.130168
0.130168
0.130168
0.130168
0.130168
0.130168
0.130168
0.130168
0.130168
0.130168
0.130168
0.130168
0.130168
0.130168
0.130168
0.130168
0.130168
0.130168
0.130168
0.130168
0.130168
0.130168
0.130168
0.130168
0.130168
0.130168
0.130168
0.130168
0.130168
0.130168
0.130168
0.130168
0.130168
0.130168
0.130168
0.130168
0.130168
0.130168
0.130168
0.130168
0.130168
0.130168
0.130168
0.130168
0.130168
0.130168
0.130168
0.130168
0.130168
0.130168
0.130168
0.130168
0.130168
0.130168
0.130168
0.130168
0.130168
0.130168
0.130168
0.130168
0.130168
0.130168
0.130168
0.130168
0.130168
0.130168
0.130168
0.130168
0.130168
0.130168
0.130168
0.130168
0.130168
0.130168
0.130168
0.130168
0.130168
0.130168
0.130168
0.130168
0.130168
0.130168
0.130168
0.130168
0.130168
0.130168
0.130168
0.130168
0.130168
0.130168
0.130168
0.130168
0.130168
0.130168
0.130168
0.130168
0.130168
0.130168
0.130168
0.130168
0.130168
0.130168
0.130168
0.130168
0.130168
0.130168
0.130168
0.130168
0.130168
0.130168
0.130168
0.130168
0.130168
0.130168
0.130168
0.130168
0.130168
0.130168
0.130168
0.130168
0.130168
0.130168
0.130168
0.130168
0.130168
0.130168
0.130168
0.130168
0.130168
0.130168
0.130168
0.130168
0.130168
0.130168
0.130168
0.130168
0.130168
0.130168
0.130168
0.130168
0.130168
0.130168
0.130168
0.130168
0.130168
0.130168
0.130168
0.130168
0.130168
0.130168
0.130168
0.130168
0.130168
0.130168
0.130168
0.130168
0.130168
0.130168
0.130168
0.130168
0.130168
0.130168
0.130168
0.130168
0.130168
0.130168
0.130168
0.130168
0.130168
0.130168
0.130168
0.130168
0.130168
0.130168
0.130168
0.130168
0.130168
0.130168
0.130168
0.130168
0.130168
0.130168
0.130168
0.130168
0.130168
0.130168
0.130168
0.130168
0.130168
0.130168
0.130168
0.130168
0.130168
0.130168
0.130168
0.130168
0.130168
0.130168
0.130168
0.130168
0.130168
0.130168
0.130168
0.130168
0.130168
0.130168
0.130168
0.130168
0.130168
0.130168
0.130168
0.130168
0.130168
0.130168
0.130168
0.130168
0.130168
0.130168
0.130168
0.130168
0.130168
0.130168
0.130168
0.130168
0.130168
0.130168
0.130168
0.130168
0.130168
0.130168
0.130168
0.130168
0.130168
0.130168
0.130168
0.130168
0.130168
0.130168
0.130168
0.130168
0.130168
0.130168
0.130168
0.130168
0.130168
0.130168
0.130168
0.130168
0.130168
0.130168
0.130168
0.130168
0.130168
0.130168
0.130168
0.130168
0.130168
0.130168
0.130168
0.130168
0.130168
0.130168
0.130168
0.130168
0.130168
0.130168
0.130168
0.130168
0.130168
0.130168
0.130168
0.130168
0.130168
0.130168
0.130168
0.130168
0.130168
0.130168
0.130168
0.130168
0.130168
0.130168
0.130168
0.130168
0.130168
0.130168
0.130168
0.130168
0.130168
0.130168
0.130168
0.130168
0.130168
0.130168
0.130168
0.130168
0.130168
0.130168
0.130168
0.130168
0.130168
0.130168
0.130168
0.130168
0.130168
0.130168
0.130168
0.130168
0.130168
0.130168
0.130168
0.130168
0.130168
0.130168
0.130168
0.130168
0.130168
0.130168
0.130168
0.130168
0.130168
0.130168
0.130168
0.130168
0.130168
0.130168
0.130168
0.130168
0.130168
0.130168
0.130168
0.130168
0.130168
0.130168
0.130168
0.130168
0.130168
0.130168
0.130168
0.130168
0.130168
0.130168
0.130168
0.130168
0.130168
0.130168
0.130168
0.130168
0.130168
0.130168
0.130168
0.130168
0.130168
0.130168
0.130168
0.130168
0.130168
0.130168
0.130168
0.130168
0.130168
0.130168
0.130168
0.130168
0.130168
0.130168
0.130168
0.130168
0.130168
0.130168
0.130168
0.130168
0.130168
0.130168
0.130168
0.130168
0.130168
0.130168
0.130168
0.130168
0.130168
0.130168
0.130168
0.130168
0.130168
0.130168
0.130168
0.130168
0.130168
0.130168
0.130168
0.130168
0.130168
0.130168
0.130168
0.130168
0.130168
0.130168
0.130168
0.130168
0.130168
0.130168
0.130168
0.130168
0.130168
0.130168
0.130168
0.130168
0.130168
0.130168
0.130168
0.130168
0.130168
0.130168
0.130168
0.130168
0.130168
0.130168
0.130168
0.130168
0.130168
0.130168
0.130168
0.130168
0.130168
0.130168
0.130168
0.130168
0.130168
0.130168
0.130168
0.130168
0.130168
0.130168
0.130168
0.130168
0.130168
0.130168
0.130168
0.130168
0.130168
0.130168
0.130168
0.130168
0.130168
0.130168
0.130168
0.130168
0.130168
0.130168
0.130168
0.130168
0.130168
0.130168
0.130168
0.130168
0.130168
0.130168
0.130168
0.130168
0.130168
0.130168
0.130168
0.130168
0.130168
0.130168
0.130168
0.130168
0.130168
0.130168
0.130168
0.130168
0.130168
0.130168
0.130168
0.130168
0.130168
0.130168
0.130168
0.130168
0.130168
0.130168
0.130168
0.130168
0.130168
0.130168
0.130168
0.130168
0.130168
0.130168
0.130168
0.130168
0.130168
0.130168
0.130168
0.130168
0.130168
0.130168
0.130168
0.130168
0.130168
0.130168
0.130168
0.130168
0.130168
0.130168
0.130168
0.130168
0.130168
0.130168
0.130168
0.130168
0.130168
0.130168
0.130168
0.130168
0.130168
0.130168
0.130168
0.130168
0.130168
0.130168
0.130168
0.130168
0.130168
0.130168
0.130168
0.130168
0.130168
0.130168
0.130168
0.130168
0.130168
0.130168
0.130168
0.130168
0.130168
0.130168
0.130168
0.130168
0.130168
0.130168
0.130168
0.130168
0.130168
0.130168
0.130168
0.130168
0.130168
0.130168
0.130168
0.130168
0.130168
0.130168
0.130168
0.130168
0.130168
0.130168
0.130168
0.130168
0.130168
0.130168
0.130168
0.130168
0.130168
0.130168
0.130168
0.130168
0.130168
0.130168
0.130168
0.130168
0.130168
0.130168
0.130168
0.130168
0.130168
0.130168
0.130168
0.130168
0.130168
0.130168
0.130168
0.130168
0.130168
0.130168
0.130168
0.130168
0.130168
0.130168
0.130168
0.130168
0.130168
0.130168
0.130168
0.130168
0.130168
0.130168
0.130168
0.130168
0.130168
0.130168
0.130168
0.130168
0.130168
0.130168
0.130168
0.130168
0.130168
0.130168
0.130168
0.130168
0.130168
0.130168
0.130168
0.130168
0.130168
0.130168
0.130168
0.130168
0.130168
0.130168
0.130168
0.130168
0.130168
0.130168
0.130168
0.130168
0.130168
0.130168
0.130168
0.130168
0.130168
0.130168
0.130168
0.130168
0.130168
0.130168
0.130168
0.130168
0.130168
0.130168
0.130168
0.130168
0.130168
0.130168
0.130168
0.130168
0.130168
0.130168
0.130168
0.130168
0.130168
0.130168
0.130168
0.130168
0.130168
0.130168
0.130168
0.130168
0.130168
0.130168
0.130168
0.130168
0.130168
0.130168
0.130168
0.130168
0.130168
0.130168
0.130168
0.130168
0.130168
0.130168
0.130168
0.130168
0.130168
0.130168
0.130168
0.130168
0.130168
0.130168
0.130168
0.130168
0.130168
0.130168
0.130168
0.130168
0.130168
0.130168
0.130168
0.130168
0.130168
0.130168
0.130168
0.130168
0.130168
0.130168
0.130168
0.130168
0.130168
0.130168
0.130168
0.130168
0.130168
0.130168
0.130168
0.130168
0.130168
0.130168
0.130168
0.130168
0.130168
0.130168
0.130168
0.130168
0.130168
0.130168
0.130168
0.130168
0.130168
0.130168
0.130168
0.130168
0.130168
0.130168
0.130168
0.130168
0.130168
0.130168
0.130168
0.130168
0.130168
0.130168
0.130168
0.130168
0.130168
0.130168
0.130168
0.130168
0.130168
0.130168
0.130168
0.130168
0.130168
0.130168
0.130168
0.130168
0.130168
0.130168
0.130168
0.130168
0.130168
0.130168
0.130168
0.130168
0.130168
0.130168
0.130168
0.130168
0.130168
0.130168
0.130168
0.130168
0.130168
0.130168
0.130168
0.130168
0.130168
0.130168
0.130168
0.130168
0.130168
0.130168
0.130168
0.130168
0.130168
0.130168
0.130168
0.130168
0.130168
0.130168
0.130168
0.130168
0.130168
0.130168
0.130168
0.130168
0.130168
0.130168
0.130168
0.130168
0.130168
0.130168
0.130168
0.130168
0.130168
0.130168
0.130168
0.130168
0.130168
0.130168
0.130168
0.130168
0.130168
0.130168
0.130168
0.130168
0.130168
0.130168
0.130168
0.1301678834
0.1301678799
0.1301678751
0.1301678666
0.1301678516
0.1301678283
0.1301677963
0.1301677568
0.130166993
0.130166949
0.1301669097
0.1301668706
0.1301668254
0.1301667687
0.1301666977
0.1301666127
0.1301652044
0.130165126
0.13016506
0.1301650018
0.1301649438
0.1301648784
0.1301648009
0.1301631628
0.1301630701
0.1301629903
0.1301629197
0.1301628503
0.1301627719
0.1301626762
0.1301625598
0.1301601589
0.1301600217
0.130159903
0.1301597949
0.1301596829
0.1301595506
0.1301593866
0.1301591871
0.130155491
0.1301552767
0.1301550944
0.1301549342
0.1301547769
0.1301546008
0.1301543898
0.1301541378
0.1301494443
0.1301491918
0.1301489752
0.1301487783
0.1301485745
0.1301483369
0.1301480482
0.1301477047
0.130141486
0.1301411579
0.1301408744
0.1301406095
0.130140326
0.130139989
0.1301395787
0.130131102
0.1301305929
0.1301301554
0.1301297745
0.1301294111
0.130129013
0.1301285355
0.130127956
0.1301163024
0.1301156244
0.1301150426
0.1301145288
0.130114023
0.1301134525
0.1301127606
0.1301119234
0.1300957977
0.1300948792
0.1300940934
0.1300933946
0.1300926967
0.1300919021
0.1300909396
0.1300897838
0.1300680753
0.1300668831
0.1300658603
0.1300649328
0.1300639773
0.1300628655
0.1300615129
0.1300598984
0.1300303259
0.1300287495
0.1300273882
0.1300261222
0.1300247736
0.1300231732
0.1300212218
0.1300189096
0.1299781502
0.1299760262
0.1299741861
0.129972451
0.1299705742
0.1299683364
0.1299656211
0.1299105419
0.1299073086
0.1299045342
0.1299020984
0.1298997291
0.1298970852
0.1298938915
0.1298900235
0.1298144078
0.1298100732
0.129806361
0.129803067
0.129799792
0.1297960732
0.1297915655
0.1297861382
0.1296831825
0.129677463
0.1296725594
0.1296681368
0.1296636179
0.1296583862
0.1296520227
0.129644409
0.1295043439
0.129496785
0.1294902831
0.1294843091
0.1294780423
0.1294706735
0.1294617048
0.1294510543
0.1292608844
0.1292509147
0.1292422907
0.1292342023
0.1292255035
0.1292151514
0.1292025713
0.1289458086
0.1289305433
0.128917443
0.1289060134
0.1288950417
0.1288829547
0.1288684341
0.1288508429
0.1285037257
0.1284836601
0.128466481
0.1284513307
0.1284364389
0.1284196877
0.1283994442
0.1283750382
0.1279086263
0.1278824512
0.127860046
0.1278400076
0.1278198023
0.1277966333
0.1277685259
0.1277348394
0.1271115714
0.1270775935
0.1270484624
0.1270219945
0.1269946487
0.1269628086
0.1269241439
0.1268781382
0.1260530173
0.1260093484
0.1259717688
0.1259370065
0.125900231
0.1258568776
0.125804284
0.1257422155
0.1246621987
0.1246066915
0.1245586488
0.1245133364
0.1244643355
0.124406031
0.1243354975
0.1229409258
0.122859518
0.1227899389
0.122729265
0.1226708874
0.122606525
0.1225294691
0.1224366605
0.1206649343
0.1205644946
0.1204788673
0.1204035142
0.1203295408
0.1202466072
0.1201469618
0.1200276225
0.1178279452
0.1177069143
0.117603879
0.1175122872
0.1174206474
0.1173165187
0.1171912749
0.1170422936
0.1143888287
0.1142472768
0.1141268116
0.114018542
0.1139082563
0.1137815929
0.1136293671
0.1134496762
0.110355347
0.1101954186
0.110059254
0.1099354977
0.1098074002
0.1096591228
0.1094813601
0.1060086467
0.105804737
0.1056312601
0.105483385
0.1053474432
0.1052046874
0.1050385048
0.1048400043
0.1011010972
0.1008883882
0.10070849
0.1005548447
0.1004119397
0.1002598959
0.1000821976
0.09987091106
0.09602903878
0.09581764201
0.09563979452
0.09548748531
0.09534411116
0.09518973518
0.09500883712
0.09479489157
0.09103292233
0.09083306821
0.09066569368
0.09052178273
0.09038454549
0.09023507489
0.09005961663
0.08985334133
0.08633933905
0.08615934547
0.08600914799
0.08587926926
0.08575362218
0.08561522726
0.08545259828
0.08230512327
0.08212223163
0.08196727688
0.0818382875
0.08172587016
0.08161537066
0.08149231246
0.08134765855
0.07863575741
0.07848339522
0.07835529442
0.0782487491
0.07815490848
0.0780610283
0.07795535206
0.07783118911
0.07557425958
0.07545175445
0.07534945065
0.07526426631
0.07518822148
0.07511068742
0.07502253304
0.07491910937
0.07309488456
0.07299926918
0.07291987446
0.07285353901
0.07279334147
0.07273074499
0.07265894147
0.0725749242
0.07113552417
0.07106270168
0.07100249616
0.07095187861
0.07090504348
0.07085536022
0.07079794249
0.06968079406
0.06961656525
0.06956213983
0.06951727242
0.06947920481
0.06944321032
0.06940428942
0.06935905705
0.06850440023
0.0684567384
0.06841668109
0.06838369185
0.06835535469
0.06832792187
0.06829772437
0.0682625006
0.06761627358
0.06758134431
0.06755219792
0.0675281671
0.06750720087
0.06748639701
0.06746312806
0.06743594069
0.06695164354
0.06692628972
0.06690526114
0.06688786271
0.06687239939
0.06685667177
0.06683884079
0.06681801476
0.06645764414
0.06643938648
0.06642431455
0.06641176573
0.06640037081
0.0663884961
0.06637488329
0.06635901992
0.06609224633
0.06607917161
0.06606841279
0.06605937254
0.06605096743
0.06604200623
0.06603164712
0.0658340163
0.06582294938
0.06581362973
0.06580597175
0.06579945744
0.06579324561
0.06578648311
0.06577862052
0.06563292837
0.06562500706
0.06561838641
0.06561294266
0.06560823967
0.06560363571
0.06559853025
0.0655925749
0.06548542426
0.06547977378
0.06547508133
0.06547121172
0.06546780661
0.06546438461
0.06546053019
0.06545603027
0.06537739642
0.065373379
0.06537005986
0.06536730748
0.06536483352
0.06536228279
0.06535937289
0.06535598009
0.06529838264
0.06529553372
0.06529318887
0.0652912284
0.06528942488
0.06528752043
0.06528532672
0.06524305521
0.06524066986
0.06523865577
0.06523700084
0.06523560029
0.06523427745
0.06523284805
0.0652311894
0.06520015586
0.06519845269
0.06519702592
0.06519585372
0.06519484734
0.06519387171
0.06519279682
0.06519154434
0.06516880263
0.06516759133
0.06516658373
0.06516575471
0.06516503138
0.06516431242
0.06516350772
0.06516256878
0.06514597505
0.06514512006
0.06514441236
0.0651438263
0.06514330262
0.06514276642
0.06514215661
0.06514144494
0.06512926319
0.06512865314
0.06512815066
0.06512773224
0.06512735095
0.06512695201
0.06512649413
0.06512596144
0.06511708158
0.06511665252
0.06511629997
0.06511600314
0.06511572558
0.06511542813
0.06511508385
0.06510857163
0.06510821128
0.0651079086
0.06510765984
0.0651074471
0.06510724234
0.06510701789
0.06510675651
0.06510196836
0.06510171035
0.06510149528
0.06510131855
0.0651011654
0.06510101464
0.06510084688
0.06510065124
0.0650971615
0.06509697985
0.06509682929
0.06509670495
0.06509659482
0.0650964832
0.06509635692
0.06509620952
0.06509366075
0.0650935319
0.06509342565
0.06509333742
0.06509325768
0.06509317493
0.06509308029
0.06509297007
0.06509110981
0.06509101904
0.06509094426
0.06509088127
0.06509082248
0.06509075959
0.06509068678
0.06508931394
0.06508923645
0.06508917133
0.06508911825
0.06508907392
0.06508903271
0.06508898871
0.06508893799
0.06508809181
0.0650880444
0.06508800606
0.06508797805
0.06508796007
0.06508794989
0.06508794417
0.06508793994
0.06508793994
0.06508794417
0.06508794989
0.06508796007
0.06508797805
0.06508800606
0.0650880444
0.06508809181
0.06508893799
0.06508898871
0.06508903271
0.06508907392
0.06508911825
0.06508917133
0.06508923645
0.06508931394
0.06509068678
0.06509075959
0.06509082248
0.06509088127
0.06509094426
0.06509101904
0.06509110981
0.06509297007
0.06509308029
0.06509317493
0.06509325768
0.06509333742
0.06509342565
0.0650935319
0.06509366075
0.06509620952
0.06509635692
0.0650964832
0.06509659482
0.06509670495
0.06509682929
0.06509697985
0.0650971615
0.06510065124
0.06510084688
0.06510101464
0.0651011654
0.06510131855
0.06510149528
0.06510171035
0.06510196836
0.06510675651
0.06510701789
0.06510724234
0.0651074471
0.06510765984
0.0651079086
0.06510821128
0.06510857163
0.06511508385
0.06511542813
0.06511572558
0.06511600314
0.06511629997
0.06511665252
0.06511708158
0.06511758833
0.06512649413
0.06512695201
0.06512735095
0.06512773224
0.06512815066
0.06512865314
0.06512926319
0.06514144494
0.06514215661
0.06514276642
0.06514330262
0.0651438263
0.06514441236
0.06514512006
0.06514597505
0.06516256878
0.06516350772
0.06516431242
0.06516503138
0.06516575471
0.06516658373
0.06516759133
0.06516880263
0.06519154434
0.06519279682
0.06519387171
0.06519484734
0.06519585372
0.06519702592
0.06519845269
0.06520015586
0.0652311894
0.06523284805
0.06523427745
0.06523560029
0.06523700084
0.06523865577
0.06524066986
0.06524305521
0.06528532672
0.06528752043
0.06528942488
0.0652912284
0.06529318887
0.06529553372
0.06529838264
0.06535598009
0.06535937289
0.06536228279
0.06536483352
0.06536730748
0.06537005986
0.065373379
0.06537739642
0.06545603027
0.06546053019
0.06546438461
0.06546780661
0.06547121172
0.06547508133
0.06547977378
0.06548542426
0.0655925749
0.06559853025
0.06560363571
0.06560823967
0.06561294266
0.06561838641
0.06562500706
0.06563292837
0.06577862052
0.06578648311
0.06579324561
0.06579945744
0.06580597175
0.06581362973
0.06582294938
0.0658340163
0.06603164712
0.06604200623
0.06605096743
0.06605937254
0.06606841279
0.06607917161
0.06609224633
0.06635901992
0.06637488329
0.0663884961
0.06640037081
0.06641176573
0.06642431455
0.06643938648
0.06645764414
0.06681801476
0.06683884079
0.06685667177
0.06687239939
0.06688786271
0.06690526114
0.06692628972
0.06695164354
0.06743594069
0.06746312806
0.06748639701
0.06750720087
0.0675281671
0.06755219792
0.06758134431
0.06761627358
0.0682625006
0.06829772437
0.06832792187
0.06835535469
0.06838369185
0.06841668109
0.0684567384
0.06850440023
0.06935905705
0.06940428942
0.06944321032
0.06947920481
0.06951727242
0.06956213983
0.06961656525
0.06968079406
0.07079794249
0.07085536022
0.07090504348
0.07095187861
0.07100249616
0.07106270168
0.07113552417
0.0725749242
0.07265894147
0.07273074499
0.07279334147
0.07285353901
0.07291987446
0.07299926918
0.07309488456
0.07491910937
0.07502253304
0.07511068742
0.07518822148
0.07526426631
0.07534945065
0.07545175445
0.07557425958
0.07783118911
0.07795535206
0.0780610283
0.07815490848
0.0782487491
0.07835529442
0.07848339522
0.07863575741
0.08134765855
0.08149231246
0.08161537066
0.08172587016
0.0818382875
0.08196727688
0.08212223163
0.08230512327
0.08545259828
0.08561522726
0.08575362218
0.08587926926
0.08600914799
0.08615934547
0.08633933905
0.08985334133
0.09005961663
0.09023507489
0.09038454549
0.09052178273
0.09066569368
0.09083306821
0.09103292233
0.09479489157
0.09500883712
0.09518973518
0.09534411116
0.09548748531
0.09563979452
0.09581764201
0.09602903878
0.09987091106
0.1000821976
0.1002598959
0.1004119397
0.1005548447
0.10070849
0.1008883882
0.1011010972
0.1048400043
0.1050385048
0.1052046874
0.1053474432
0.105483385
0.1056312601
0.105804737
0.1060086467
0.1094813601
0.1096591228
0.1098074002
0.1099354977
0.110059254
0.1101954186
0.110355347
0.1134496762
0.1136293671
0.1137815929
0.1139082563
0.114018542
0.1141268116
0.1142472768
0.1143888287
0.1170422936
0.1171912749
0.1173165187
0.1174206474
0.1175122872
0.117603879
0.1177069143
0.1178279452
0.1200276225
0.1201469618
0.1202466072
0.1203295408
0.1204035142
0.1204788673
0.1205644946
0.1206649343
0.1224366605
0.1225294691
0.122606525
0.1226708874
0.122729265
0.1227899389
0.122859518
0.1229409258
0.1243354975
0.124406031
0.1244643355
0.1245133364
0.1245586488
0.1246066915
0.1246621987
0.1247268884
0.125804284
0.1258568776
0.125900231
0.1259370065
0.1259717688
0.1260093484
0.1260530173
0.1268781382
0.1269241439
0.1269628086
0.1269946487
0.1270219945
0.1270484624
0.1270775935
0.1271115714
0.1277348394
0.1277685259
0.1277966333
0.1278198023
0.1278400076
0.127860046
0.1278824512
0.1279086263
0.1283750382
0.1283994442
0.1284196877
0.1284364389
0.1284513307
0.128466481
0.1284836601
0.1285037257
0.1288508429
0.1288684341
0.1288829547
0.1288950417
0.1289060134
0.128917443
0.1289305433
0.1289458086
0.1292025713
0.1292151514
0.1292255035
0.1292342023
0.1292422907
0.1292509147
0.1292608844
0.1294510543
0.1294617048
0.1294706735
0.1294780423
0.1294843091
0.1294902831
0.129496785
0.1295043439
0.129644409
0.1296520227
0.1296583862
0.1296636179
0.1296681368
0.1296725594
0.129677463
0.1296831825
0.1297861382
0.1297915655
0.1297960732
0.129799792
0.129803067
0.129806361
0.1298100732
0.1298144078
0.1298900235
0.1298938915
0.1298970852
0.1298997291
0.1299020984
0.1299045342
0.1299073086
0.1299105419
0.1299656211
0.1299683364
0.1299705742
0.129972451
0.1299741861
0.1299760262
0.1299781502
0.1300189096
0.1300212218
0.1300231732
0.1300247736
0.1300261222
0.1300273882
0.1300287495
0.1300303259
0.1300598984
0.1300615129
0.1300628655
0.1300639773
0.1300649328
0.1300658603
0.1300668831
0.1300680753
0.1300897838
0.1300909396
0.1300919021
0.1300926967
0.1300933946
0.1300940934
0.1300948792
0.1300957977
0.1301119234
0.1301127606
0.1301134525
0.130114023
0.1301145288
0.1301150426
0.1301156244
0.1301163024
0.130127956
0.1301285355
0.130129013
0.1301294111
0.1301297745
0.1301301554
0.1301305929
0.130131102
0.1301395787
0.130139989
0.130140326
0.1301406095
0.1301408744
0.1301411579
0.130141486
0.1301477047
0.1301480482
0.1301483369
0.1301485745
0.1301487783
0.1301489752
0.1301491918
0.1301494443
0.1301541378
0.1301543898
0.1301546008
0.1301547769
0.1301549342
0.1301550944
0.1301552767
0.130155491
0.1301591871
0.1301593866
0.1301595506
0.1301596829
0.1301597949
0.130159903
0.1301600217
0.1301601589
0.1301625598
0.1301626762
0.1301627719
0.1301628503
0.1301629197
0.1301629903
0.1301630701
0.1301631628
0.1301648009
0.1301648784
0.1301649438
0.1301650018
0.13016506
0.130165126
0.1301652044
0.1301666127
0.1301666977
0.1301667687
0.1301668254
0.1301668706
0.1301669097
0.130166949
0.130166993
0.1301677568
0.1301677963
0.1301678283
0.1301678516
0.1301678666
0.1301678751
0.1301678799
0.1301678834
0.130168
0.130168
0.130168
0.130168
0.130168
0.130168
0.130168
0.130168
0.130168
0.130168
0.130168
0.130168
0.130168
0.130168
0.130168
0.130168
0.130168
0.130168
0.130168
0.130168
0.130168
0.130168
0.130168
0.130168
0.130168
0.130168
0.130168
0.130168
0.130168
0.130168
0.130168
0.130168
0.130168
0.130168
0.130168
0.130168
0.130168
0.130168
0.130168
0.130168
0.130168
0.130168
0.130168
0.130168
0.130168
0.130168
0.130168
0.130168
0.130168
0.130168
0.130168
0.130168
0.130168
0.130168
0.130168
0.130168
0.130168
0.130168
0.130168
0.130168
0.130168
0.130168
0.130168
0.130168
0.130168
0.130168
0.130168
0.130168
0.130168
0.130168
0.130168
0.130168
0.130168
0.130168
0.130168
0.130168
0.130168
0.130168
0.130168
0.130168
0.130168
0.130168
0.130168
0.130168
0.130168
0.130168
0.130168
0.130168
0.130168
0.130168
0.130168
0.130168
0.130168
0.130168
0.130168
0.130168
0.130168
0.130168
0.130168
0.130168
0.130168
0.130168
0.130168
0.130168
0.130168
0.130168
0.130168
0.130168
0.130168
0.130168
0.130168
0.130168
0.130168
0.130168
0.130168
0.130168
0.130168
0.130168
0.130168
0.130168
0.130168
0.130168
0.130168
0.130168
0.130168
0.130168
0.130168
0.130168
0.130168
0.130168
0.130168
0.130168
0.130168
0.130168
0.130168
0.130168
0.130168
0.130168
0.130168
0.130168
0.130168
0.130168
0.130168
0.130168
0.130168
0.130168
0.130168
0.130168
0.130168
0.130168
0.130168
0.130168
0.130168
0.130168
0.130168
0.130168
0.130168
0.130168
0.130168
0.130168
0.130168
0.130168
0.130168
0.130168
0.130168
0.130168
0.130168
0.130168
0.130168
0.130168
0.130168
0.130168
0.130168
0.130168
0.130168
0.130168
0.130168
0.130168
0.130168
0.130168
0.130168
0.130168
0.130168
0.130168
0.130168
0.130168
0.130168
0.130168
0.130168
0.130168
0.130168
0.130168
0.130168
0.130168
0.130168
0.130168
0.130168
0.130168
0.130168
0.130168
0.130168
0.130168
0.130168
0.130168
0.130168
0.130168
0.130168
0.130168
0.130168
0.130168
0.130168
0.130168
0.130168
0.130168
0.130168
0.130168
0.130168
0.130168
0.130168
0.130168
0.130168
0.130168
0.130168
0.130168
0.130168
0.130168
0.130168
0.130168
0.130168
0.130168
0.130168
0.130168
0.130168
0.130168
0.130168
0.130168
0.130168
0.130168
0.130168
0.130168
0.130168
0.130168
0.130168
0.130168
0.130168
0.130168
0.130168
0.130168
0.130168
0.130168
0.130168
0.130168
0.130168
0.130168
0.130168
0.130168
0.130168
0.130168
0.130168
0.130168
0.130168
0.130168
0.130168
0.130168
0.130168
0.130168
0.130168
0.130168
0.130168
0.130168
0.130168
0.130168
0.130168
0.130168
0.130168
0.130168
0.130168
0.130168
0.130168
0.130168
0.130168
0.130168
0.130168
0.130168
0.130168
0.130168
0.130168
0.130168
0.130168
0.130168
0.130168
0.130168
0.130168
0.130168
0.130168
0.130168
0.130168
0.130168
0.130168
0.130168
0.130168
0.130168
0.130168
0.130168
0.130168
0.130168
0.130168
0.130168
0.130168
0.130168
0.130168
0.130168
0.130168
0.130168
0.130168
0.130168
0.130168
0.130168
0.130168
0.130168
0.130168
0.130168
0.130168
0.130168
0.130168
0.130168
0.130168
0.130168
0.130168
0.130168
0.130168
0.130168
0.130168
0.130168
0.130168
0.130168
0.130168
0.130168
0.130168
0.130168
0.130168
0.130168
0.130168
0.130168
0.130168
0.130168
0.130168
0.130168
0.130168
0.130168
0.130168
0.130168
0.130168
0.130168
0.130168
0.130168
0.130168
0.130168
0.130168
0.130168
0.130168
0.130168
0.130168
0.130168
0.130168
0.130168
0.130168
0.130168
0.130168
0.130168
0.130168
0.130168
0.130168
0.130168
0.130168
0.130168
0.130168
0.130168
0.130168
0.130168
0.130168
0.130168
0.130168
0.130168
0.130168
0.130168
0.130168
0.130168
0.130168
0.130168
0.130168
0.130168
0.130168
0.130168
0.130168
0.130168
0.130168
0.130168
0.130168
0.130168
0.130168
0.130168
0.130168
0.130168
0.130168
0.130168
0.130168
0.130168
0.130168
0.130168
0.130168
0.130168
0.130168
0.130168
0.130168
0.130168
0.130168
0.130168
0.130168
0.130168
0.130168
0.130168
0.130168
0.130168
0.130168
0.130168
0.130168
0.130168
0.130168
0.130168
0.130168
0.130168
0.130168
0.130168
0.130168
0.130168
0.130168
0.130168
0.130168
0.130168
0.130168
0.130168
0.130168
0.130168
0.130168
0.130168
0.130168
0.130168
0.130168
0.130168
0.130168
0.130168
0.130168
0.130168
0.130168
0.130168
0.130168
0.130168
0.130168
0.130168
0.130168
0.130168
0.130168
0.130168
0.130168
0.130168
0.130168
0.130168
0.130168
0.130168
0.130168
0.130168
0.130168
0.130168
0.130168
0.130168
0.130168
0.130168
0.130168
0.130168
0.130168
0.130168
0.130168
0.130168
0.130168
0.130168
0.130168
0.130168
0.130168
0.130168
0.130168
0.130168
0.130168
0.130168
0.130168
0.130168
0.130168
0.130168
0.130168
0.130168
0.130168
0.130168
0.130168
0.130168
0.130168
0.130168
0.130168
0.130168
0.130168
0.130168
0.130168
0.130168
0.130168
0.130168
0.130168
0.130168
0.130168
0.130168
0.130168
0.130168
0.130168
0.130168
0.130168
0.130168
0.130168
0.130168
0.130168
0.130168
0.130168
0.130168
0.130168
0.130168
0.130168
0.130168
0.130168
0.130168
0.130168
0.130168
0.130168
0.130168
0.130168
0.130168
0.130168
0.130168
0.130168
0.130168
0.130168
0.130168
0.130168
0.130168
0.130168
0.130168
0.130168
0.130168
0.130168
0.130168
0.130168
0.130168
0.130168
0.130168
0.130168
0.130168
0.130168
0.130168
0.130168
0.130168
0.130168
0.130168
0.130168
0.130168
0.130168
0.130168
0.130168
0.130168
0.130168
0.130168
0.130168
0.130168
0.130168
0.130168
0.130168
0.130168
0.130168
0.130168
0.130168
0.130168
0.130168
0.130168
0.130168
0.130168
0.130168
0.130168
0.130168
0.130168
0.130168
0.130168
0.130168
0.130168
0.130168
0.130168
0.130168
0.130168
0.130168
0.130168
0.130168
0.130168
0.130168
0.130168
0.130168
0.130168
0.130168
0.130168
0.130168
0.130168
0.130168
0.130168
0.130168
0.130168
0.130168
0.130168
0.130168
0.130168
0.130168
0.130168
0.130168
0.130168
0.130168
0.130168
0.130168
0.130168
0.130168
0.130168
0.130168
0.130168
0.130168
0.130168
0.130168
0.130168
0.130168
0.130168
0.130168
0.130168
0.130168
0.130168
0.130168
0.130168
0.130168
0.130168
0.130168
0.130168
0.130168
0.130168
0.130168
0.130168
0.130168
0.130168
0.130168
0.130168
0.130168
0.130168
0.130168
0.130168
0.130168
0.130168
0.130168
0.130168
0.130168
0.130168
0.130168
0.130168
0.130168
0.130168
0.130168
0.130168
0.130168
0.130168
0.130168
0.130168
0.130168
0.130168
0.130168
0.130168
0.130168
0.130168
0.130168
0.130168
0.130168
0.130168
0.130168
0.130168
0.130168
0.130168
0.130168
0.130168
0.130168
0.130168
0.130168
0.130168
0.130168
0.130168
0.130168
0.130168
0.130168
0.130168
0.130168
0.130168
0.130168
0.130168
0.130168
0.130168
0.130168
0.130168
0.130168
0.130168
0.130168
0.130168
0.130168
0.130168
0.130168
0.130168
0.130168
0.130168
0.130168
0.130168
0.130168
0.130168
0.130168
0.130168
0.130168
0.130168
0.130168
0.130168
0.130168
0.130168
0.130168
0.130168
0.130168
0.130168
0.130168
0.130168
0.130168
0.130168
0.130168
0.130168
0.130168
0.130168
0.130168
0.130168
0.130168
0.130168
0.130168
0.130168
0.130168
0.130168
0.130168
0.130168
0.130168
0.130168
0.130168
0.130168
0.130168
0.130168
0.130168
0.130168
0.130168
0.130168
0.130168
0.130168
0.130168
0.130168
0.130168
0.130168
0.130168
0.130168
0.130168
0.130168
0.130168
0.130168
0.130168
0.130168
0.130168
0.130168
0.130168
0.130168
0.130168
0.130168
0.130168
0.130168
0.130168
0.130168
0.130168
0.130168
0.130168
0.130168
0.130168
0.130168
0.130168
0.130168
0.130168
0.130168
0.130168
0.130168
0.130168
0.130168
0.130168
0.130168
0.130168
0.130168
0.130168
0.130168
0.130168
0.130168
0.130168
0.130168
0.130168
0.130168
0.130168
0.130168
0.130168
0.130168
0.130168
0.130168
0.130168
0.130168
0.130168
0.130168
0.130168
0.130168
0.130168
0.130168
0.130168
0.130168
0.130168
0.130168
0.130168
0.130168
0.130168
0.130168
0.130168
0.130168
0.130168
0.130168
0.130168
0.130168
0.130168
0.130168
0.130168
0.130168
0.130168
0.130168
0.130168
0.130168
0.130168
0.130168
0.130168
0.130168
0.130168
0.130168
0.130168
0.130168
0.130168
0.130168
0.130168
0.130168
0.130168
0.130168
0.130168
0.130168
0.130168
0.130168
0.130168
0.130168
0.130168
0.130168
0.130168
0.130168
0.130168
0.130168
0.130168
0.130168
0.130168
0.130168
0.130168
0.130168
0.130168
0.130168
0.130168
0.130168
0.130168
0.130168
0.130168
0.130168
0.130168
0.130168
0.130168
0.130168
0.130168
0.130168
0.130168
0.130168
0.130168
0.130168
0.130168
0.130168
0.130168
0.130168
0.130168
0.130168
0.130168
0.130168
0.130168
0.130168
0.130168
0.130168
0.130168
0.130168
0.130168
0.130168
0.130168
0.130168
0.130168
0.130168
0.130168
0.130168
0.130168
0.130168
0.130168
0.130168
0.130168
0.130168
0.130168
0.130168
0.130168
0.130168
0.130168
0.130168
0.130168
0.130168
0.130168
0.130168
0.130168
0.130168
0.130168
0.130168
0.130168
0.130168
0.130168
0.130168
0.130168
0.130168
0.130168
0.130168
0.130168
0.130168
0.130168
0.130168
0.130168
0.130168
0.130168
0.130168
0.130168
0.130168
0.130168
0.130168
0.130168
0.130168
0.130168
0.130168
0.130168
0.130168
0.130168
0.130168
0.130168
0.130168
0.130168
0.130168
0.130168
0.130168
0.130168
0.130168
0.130168
0.130168
0.130168
0.130168
0.130168
0.130168
0.130168
0.130168
0.130168
0.130168
0.130168
0.130168
0.130168
0.130168
0.130168
0.130168
0.130168
0.130168
0.130168
0.130168
0.130168
0.130168
0.130168
0.130168
0.130168
0.130168
0.130168
0.130168
0.130168
0.130168
0.130168
0.130168
0.130168
0.130168
0.130168
0.130168
0.130168
0.130168
0.130168
0.130168
0.130168
0.130168
0.130168
0.130168
0.130168
0.130168
0.130168
0.130168
0.130168
0.130168
0.130168
0.130168
0.130168
0.130168
0.130168
0.130168
0.130168
0.130168
0.130168
0.130168
0.130168
0.130168
0.130168
0.130168
0.130168
0.130168
0.130168
0.130168
0.130168
0.130168
0.130168
0.130168
0.130168
0.130168
0.130168
0.130168
0.130168
0.130168
0.130168
0.130168
0.130168
0.130168
0.130168
0.130168
0.130168
0.130168
0.130168
0.130168
0.130168
0.130168
0.130168
0.130168
0.130168
0.130168
0.130168
0.130168
0.130168
0.130168
0.130168
0.130168
0.130168
0.130168
0.130168
0.130168
0.130168
0.130168
0.130168
0.130168
0.130168
0.130168
0.130168
0.130168
0.130168
0.130168
0.130168
0.130168
0.130168
0.130168
0.130168
0.130168
0.130168
0.130168
0.130168
0.130168
0.130168
0.130168
0.130168
0.130168
0.130168
0.130168
0.130168
0.130168
0.130168
0.130168
0.130168
0.130168
0.130168
0.130168
0.130168
0.130168
0.130168
0.130168
0.130168
0.130168
0.130168
0.130168
0.130168
0.130168
0.130168
0.130168
0.130168
0.130168
0.130168
0.130168
0.130168
0.130168
0.130168
0.130168
0.130168
0.130168
0.130168
0.130168
0.130168
0.130168
0.130168
0.130168
0.130168
0.130168
0.130168
0.130168
0.130168
0.130168
0.130168
0.130168
0.130168
0.130168
0.130168
0.130168
0.130168
0.130168
0.130168
0.130168
0.130168
0.130168
0.130168
0.130168
0.130168
0.130168
0.130168
0.130168
0.130168
0.130168
0.130168
0.130168
0.130168
0.130168
0.130168
0.130168
0.130168
0.130168
0.130168
0.130168
0.130168
0.130168
0.130168
0.130168
0.130168
0.130168
0.130168
0.130168
0.130168
0.130168
0.130168
0.130168
0.130168
0.130168
0.130168
0.130168
0.130168
0.130168
0.130168
0.130168
0.130168
0.130168
0.130168
0.130168
0.130168
0.130168
0.130168
0.130168
0.130168
0.130168
0.130168
0.130168
0.130168
0.130168
0.130168
0.130168
0.130168
0.130168
0.130168
0.130168
0.130168
0.130168
0.130168
0.130168
0.130168
0.130168
0.130168
0.130168
0.130168
0.130168
0.130168
0.130168
0.130168
0.130168
0.130168
0.130168
0.130168
0.130168
0.130168
0.130168
0.130168
0.130168
0.130168
0.130168
0.130168
0.130168
0.130168
0.130168
0.130168
0.130168
0.130168
0.130168
0.130168
0.130168
0.130168
0.130168
0.130168
0.130168
0.130168
0.130168
0.130168
0.130168
0.130168
0.130168
0.130168
0.130168
0.130168
0.130168
0.130168
0.130168
0.130168
0.130168
0.130168
0.130168
0.130168
0.130168
0.130168
0.130168
0.130168
0.130168
0.130168
0.130168
0.130168
0.130168
0.130168
0.130168
0.130168
0.130168
0.130168
0.130168
0.130168
0.130168
0.130168
0.130168
0.130168
0.130168
0.130168
0.130168
0.130168
0.130168
0.130168
0.130168
0.130168
0.130168
0.130168
0.130168
0.130168
0.130168
0.130168
0.130168
0.130168
0.130168
0.130168
0.130168
0.130168
0.130168
0.130168
0.130168
0.130168
0.130168
0.130168
0.130168
0.130168
0.130168
0.130168
0.130168
0.130168
0.130168
0.130168
0.130168
0.130168
0.130168
0.130168
0.130168
0.130168
0.130168
0.130168
0.130168
0.130168
0.130168
0.130168
0.130168
0.130168
0.130168
0.130168
0.130168
0.130168
0.130168
0.130168
0.130168
0.130168
0.130168
0.130168
0.130168
0.130168
0.130168
0.130168
0.130168
0.130168
0.130168
0.130168
0.130168
0.130168
0.130168
0.130168
0.130168
0.130168
0.130168
0.130168
0.130168
0.130168
0.130168
0.130168
0.130168
0.130168
0.130168
0.130168
0.130168
0.130168
0.130168
0.130168
0.130168
0.130168
0.130168
0.130168
0.130168
0.130168
0.130168
0.130168
0.130168
0.130168
0.130168
0.130168
0.130168
0.130168
0.130168
0.130168
0.130168
0.130168
0.130168
0.130168
0.130168
0.130168
0.130168
0.130168
0.130168
0.130168
0.130168
0.130168
0.130168
0.130168
0.130168
0.130168
0.130168
0.130168
0.130168
0.130168
0.130168
0.130168
0.130168
0.130168
0.130168
0.130168
0.130168
0.130168
0.130168
0.130168
0.130168
0.130168
0.130168
0.130168
0.130168
0.130168
0.130168
0.130168
0.130168
0.130168
0.130168
0.130168
0.130168
0.130168
0.130168
0.130168
0.130168
0.130168
0.130168
0.130168
0.130168
0.130168
0.130168
0.130168
0.130168
0.130168
0.130168
0.130168
0.130168
0.130168
0.130168
0.130168
0.130168
0.130168
0.130168
0.130168
0.130168
0.130168
0.130168
0.130168
0.130168
0.130168
0.130168
0.130168
0.130168
0.130168
0.130168
0.130168
0.130168
0.130168
0.130168
0.130168
0.130168
0.130168
0.130168
0.130168
0.130168
0.130168
0.130168
0.130168
0.130168
0.130168
0.130168
0.130168
0.130168
0.130168
0.130168
0.130168
0.130168
0.130168
0.130168
)
;

boundaryField
{
    left
    {
        type            cyclic;
    }
    right
    {
        type            cyclic;
    }
    top
    {
        type            zeroGradient;
    }
    bottom
    {
        type            zeroGradient;
    }
    frontAndback
    {
        type            empty;
    }
}


// ************************************************************************* //
