/*--------------------------------*- C++ -*----------------------------------*\
  =========                 |
  \\      /  F ield         | OpenFOAM: The Open Source CFD Toolbox
   \\    /   O peration     | Website:  https://openfoam.org
    \\  /    A nd           | Version:  10
     \\/     M anipulation  |
\*---------------------------------------------------------------------------*/
FoamFile
{
    format      ascii;
    class       volScalarField;
    location    "0";
    object      O2;
}
// * * * * * * * * * * * * * * * * * * * * * * * * * * * * * * * * * * * * * //

dimensions      [0 0 0 0 0 0 0];

internalField   nonuniform List<scalar> 
4000
(
0.204186
0.204186
0.204186
0.204186
0.204186
0.204186
0.204186
0.204186
0.204186
0.204186
0.204186
0.204186
0.204186
0.204186
0.204186
0.204186
0.204186
0.204186
0.204186
0.204186
0.204186
0.204186
0.204186
0.204186
0.204186
0.204186
0.204186
0.204186
0.204186
0.204186
0.204186
0.204186
0.204186
0.204186
0.204186
0.204186
0.204186
0.204186
0.204186
0.204186
0.204186
0.204186
0.204186
0.204186
0.204186
0.204186
0.204186
0.204186
0.204186
0.204186
0.204186
0.204186
0.204186
0.204186
0.204186
0.204186
0.204186
0.204186
0.204186
0.204186
0.204186
0.204186
0.204186
0.204186
0.204186
0.204186
0.204186
0.204186
0.204186
0.204186
0.204186
0.204186
0.204186
0.204186
0.204186
0.204186
0.204186
0.204186
0.204186
0.204186
0.204186
0.204186
0.204186
0.204186
0.204186
0.204186
0.204186
0.204186
0.204186
0.204186
0.204186
0.204186
0.204186
0.204186
0.204186
0.204186
0.204186
0.204186
0.204186
0.204186
0.204186
0.204186
0.204186
0.204186
0.204186
0.204186
0.204186
0.204186
0.204186
0.204186
0.204186
0.204186
0.204186
0.204186
0.204186
0.204186
0.204186
0.204186
0.204186
0.204186
0.204186
0.204186
0.204186
0.204186
0.204186
0.204186
0.204186
0.204186
0.204186
0.204186
0.204186
0.204186
0.204186
0.204186
0.204186
0.204186
0.204186
0.204186
0.204186
0.204186
0.204186
0.204186
0.204186
0.204186
0.204186
0.204186
0.204186
0.204186
0.204186
0.204186
0.204186
0.204186
0.204186
0.204186
0.204186
0.204186
0.204186
0.204186
0.204186
0.204186
0.204186
0.204186
0.204186
0.204186
0.204186
0.204186
0.204186
0.204186
0.204186
0.204186
0.204186
0.204186
0.204186
0.204186
0.204186
0.204186
0.204186
0.204186
0.204186
0.204186
0.204186
0.204186
0.204186
0.204186
0.204186
0.204186
0.204186
0.204186
0.204186
0.204186
0.204186
0.204186
0.204186
0.204186
0.204186
0.204186
0.204186
0.204186
0.204186
0.204186
0.204186
0.204186
0.204186
0.204186
0.204186
0.204186
0.204186
0.204186
0.204186
0.204186
0.204186
0.204186
0.204186
0.204186
0.204186
0.204186
0.204186
0.204186
0.204186
0.204186
0.204186
0.204186
0.204186
0.204186
0.204186
0.204186
0.204186
0.204186
0.204186
0.204186
0.204186
0.204186
0.204186
0.204186
0.204186
0.204186
0.204186
0.204186
0.204186
0.204186
0.204186
0.204186
0.204186
0.204186
0.204186
0.204186
0.204186
0.204186
0.204186
0.204186
0.204186
0.204186
0.204186
0.204186
0.204186
0.204186
0.204186
0.204186
0.204186
0.204186
0.204186
0.204186
0.204186
0.204186
0.204186
0.204186
0.204186
0.204186
0.204186
0.204186
0.204186
0.204186
0.204186
0.204186
0.204186
0.204186
0.204186
0.204186
0.204186
0.204186
0.204186
0.204186
0.204186
0.204186
0.204186
0.204186
0.204186
0.204186
0.204186
0.204186
0.204186
0.204186
0.204186
0.204186
0.204186
0.204186
0.204186
0.204186
0.204186
0.204186
0.204186
0.204186
0.204186
0.204186
0.204186
0.204186
0.204186
0.204186
0.204186
0.204186
0.204186
0.204186
0.204186
0.204186
0.204186
0.204186
0.204186
0.204186
0.204186
0.204186
0.204186
0.204186
0.204186
0.204186
0.204186
0.204186
0.204186
0.204186
0.204186
0.204186
0.204186
0.204186
0.204186
0.204186
0.204186
0.204186
0.204186
0.204186
0.204186
0.204186
0.204186
0.204186
0.204186
0.204186
0.204186
0.204186
0.204186
0.204186
0.204186
0.204186
0.204186
0.204186
0.204186
0.204186
0.204186
0.204186
0.204186
0.204186
0.204186
0.204186
0.204186
0.204186
0.204186
0.204186
0.204186
0.204186
0.204186
0.204186
0.204186
0.204186
0.204186
0.204186
0.204186
0.204186
0.204186
0.204186
0.204186
0.204186
0.204186
0.204186
0.204186
0.204186
0.204186
0.204186
0.204186
0.204186
0.204186
0.204186
0.204186
0.204186
0.204186
0.204186
0.204186
0.204186
0.204186
0.204186
0.204186
0.204186
0.204186
0.204186
0.204186
0.204186
0.204186
0.204186
0.204186
0.204186
0.204186
0.204186
0.204186
0.204186
0.204186
0.204186
0.204186
0.204186
0.204186
0.204186
0.204186
0.204186
0.204186
0.204186
0.204186
0.204186
0.204186
0.204186
0.204186
0.204186
0.204186
0.204186
0.204186
0.204186
0.204186
0.204186
0.204186
0.204186
0.204186
0.204186
0.204186
0.204186
0.204186
0.204186
0.204186
0.204186
0.204186
0.204186
0.204186
0.204186
0.204186
0.204186
0.204186
0.204186
0.204186
0.204186
0.204186
0.204186
0.204186
0.204186
0.204186
0.204186
0.204186
0.204186
0.204186
0.204186
0.204186
0.204186
0.204186
0.204186
0.204186
0.204186
0.204186
0.204186
0.204186
0.204186
0.204186
0.204186
0.204186
0.204186
0.204186
0.204186
0.204186
0.204186
0.204186
0.204186
0.204186
0.204186
0.204186
0.204186
0.204186
0.204186
0.204186
0.204186
0.204186
0.204186
0.204186
0.204186
0.204186
0.204186
0.204186
0.204186
0.204186
0.204186
0.204186
0.204186
0.204186
0.204186
0.204186
0.204186
0.204186
0.204186
0.204186
0.204186
0.204186
0.204186
0.204186
0.204186
0.204186
0.204186
0.204186
0.204186
0.204186
0.204186
0.204186
0.204186
0.204186
0.204186
0.204186
0.204186
0.204186
0.204186
0.204186
0.204186
0.204186
0.204186
0.204186
0.204186
0.204186
0.204186
0.204186
0.204186
0.204186
0.204186
0.204186
0.204186
0.204186
0.204186
0.204186
0.204186
0.204186
0.204186
0.204186
0.204186
0.204186
0.204186
0.204186
0.204186
0.204186
0.204186
0.204186
0.204186
0.204186
0.204186
0.204186
0.204186
0.204186
0.204186
0.204186
0.204186
0.204186
0.204186
0.204186
0.204186
0.204186
0.204186
0.204186
0.204186
0.204186
0.204186
0.204186
0.204186
0.204186
0.204186
0.204186
0.204186
0.204186
0.204186
0.204186
0.204186
0.204186
0.204186
0.204186
0.204186
0.204186
0.204186
0.204186
0.204186
0.204186
0.204186
0.204186
0.204186
0.204186
0.204186
0.204186
0.204186
0.204186
0.204186
0.204186
0.204186
0.204186
0.204186
0.204186
0.204186
0.204186
0.204186
0.204186
0.204186
0.204186
0.204186
0.204186
0.204186
0.204186
0.204186
0.204186
0.204186
0.204186
0.204186
0.204186
0.204186
0.204186
0.204186
0.204186
0.204186
0.204186
0.204186
0.204186
0.204186
0.204186
0.204186
0.204186
0.204186
0.204186
0.204186
0.204186
0.204186
0.204186
0.204186
0.204186
0.204186
0.204186
0.204186
0.204186
0.204186
0.204186
0.204186
0.204186
0.204186
0.204186
0.204186
0.204186
0.204186
0.204186
0.204186
0.204186
0.204186
0.204186
0.204186
0.204186
0.204186
0.204186
0.204186
0.204186
0.204186
0.204186
0.204186
0.204186
0.204186
0.204186
0.204186
0.204186
0.204186
0.204186
0.204186
0.204186
0.204186
0.204186
0.204186
0.204186
0.204186
0.204186
0.204186
0.204186
0.204186
0.204186
0.204186
0.204186
0.204186
0.204186
0.204186
0.204186
0.204186
0.204186
0.204186
0.204186
0.204186
0.204186
0.204186
0.204186
0.204186
0.204186
0.204186
0.204186
0.204186
0.204186
0.204186
0.204186
0.204186
0.204186
0.204186
0.204186
0.204186
0.204186
0.204186
0.204186
0.204186
0.204186
0.204186
0.204186
0.204186
0.204186
0.204186
0.204186
0.204186
0.204186
0.204186
0.204186
0.204186
0.204186
0.204186
0.204186
0.204186
0.204186
0.204186
0.204186
0.204186
0.204186
0.204186
0.204186
0.204186
0.204186
0.204186
0.204186
0.204186
0.204186
0.204186
0.204186
0.204186
0.204186
0.204186
0.204186
0.204186
0.204186
0.204186
0.204186
0.204186
0.204186
0.204186
0.204186
0.204186
0.204186
0.204186
0.204186
0.204186
0.204186
0.204186
0.204186
0.204186
0.204186
0.204186
0.204186
0.204186
0.204186
0.204186
0.204186
0.204186
0.204186
0.204186
0.204186
0.204186
0.204186
0.204186
0.204186
0.204186
0.204186
0.204186
0.204186
0.204186
0.204186
0.204186
0.204186
0.204186
0.204186
0.204186
0.204186
0.204186
0.204186
0.204186
0.204186
0.204186
0.204186
0.204186
0.204186
0.204186
0.204186
0.204186
0.204186
0.204186
0.204186
0.204186
0.204186
0.204186
0.204186
0.204186
0.204186
0.204186
0.204186
0.204186
0.204186
0.204186
0.204186
0.204186
0.204186
0.204186
0.204186
0.204186
0.204186
0.204186
0.204186
0.204186
0.204186
0.204186
0.204186
0.204186
0.204186
0.204186
0.204186
0.204186
0.204186
0.204186
0.204186
0.204186
0.204186
0.204186
0.204186
0.204186
0.204186
0.204186
0.204186
0.204186
0.204186
0.204186
0.204186
0.204186
0.204186
0.204186
0.204186
0.204186
0.204186
0.204186
0.204186
0.204186
0.204186
0.204186
0.204186
0.204186
0.204186
0.204186
0.204186
0.204186
0.204186
0.204186
0.204186
0.204186
0.204186
0.204186
0.204186
0.204186
0.204186
0.204186
0.204186
0.204186
0.204186
0.204186
0.204186
0.204186
0.204186
0.204186
0.204186
0.204186
0.204186
0.204186
0.204186
0.204186
0.204186
0.204186
0.204186
0.204186
0.204186
0.204186
0.204186
0.204186
0.204186
0.204186
0.204186
0.204186
0.204186
0.204186
0.204186
0.204186
0.204186
0.204186
0.204186
0.204186
0.204186
0.204186
0.204186
0.204186
0.204186
0.204186
0.204186
0.204186
0.204186
0.204186
0.204186
0.204186
0.204186
0.204186
0.204186
0.204186
0.204186
0.204186
0.204186
0.204186
0.204186
0.204186
0.204186
0.204186
0.204186
0.204186
0.204186
0.204186
0.204186
0.204186
0.204186
0.204186
0.204186
0.204186
0.204186
0.204186
0.204186
0.204186
0.204186
0.204186
0.204186
0.204186
0.204186
0.204186
0.204186
0.204186
0.204186
0.204186
0.204186
0.204186
0.204186
0.204186
0.204186
0.204186
0.204186
0.204186
0.204186
0.204186
0.204186
0.204186
0.204186
0.204186
0.204186
0.204186
0.204186
0.204186
0.204186
0.204186
0.204186
0.204186
0.204186
0.204186
0.204186
0.204186
0.204186
0.204186
0.204186
0.204186
0.204186
0.204186
0.204186
0.204186
0.204186
0.204186
0.204186
0.204186
0.204186
0.204186
0.204186
0.204186
0.204186
0.204186
0.204186
0.204186
0.204186
0.204186
0.204186
0.204186
0.204186
0.204186
0.204186
0.204186
0.204186
0.204186
0.204186
0.204186
0.204186
0.204186
0.204186
0.204186
0.204186
0.204186
0.204186
0.204186
0.204186
0.204186
0.204186
0.204186
0.204186
0.204186
0.204186
0.204186
0.204186
0.204186
0.204186
0.204186
0.204186
0.204186
0.204186
0.204186
0.204186
0.204186
0.204186
0.204186
0.204186
0.204186
0.204186
0.204186
0.204186
0.204186
0.204186
0.204186
0.204186
0.204186
0.204186
0.204186
0.204186
0.204186
0.204186
0.204186
0.204186
0.204186
0.204186
0.204186
0.204186
0.204186
0.204186
0.204186
0.204186
0.204186
0.204186
0.204186
0.204186
0.204186
0.204186
0.204186
0.204186
0.204186
0.204186
0.204186
0.204186
0.204186
0.204186
0.204186
0.204186
0.204186
0.204186
0.204186
0.204186
0.204186
0.204186
0.204186
0.204186
0.204186
0.204186
0.204186
0.204186
0.204186
0.204186
0.204186
0.204186
0.204186
0.204186
0.204186
0.204186
0.204186
0.204186
0.204186
0.204186
0.204186
0.204186
0.204186
0.204186
0.204186
0.204186
0.204186
0.204186
0.204186
0.204186
0.204186
0.204186
0.204186
0.204186
0.204186
0.204186
0.204186
0.204186
0.204186
0.204186
0.204186
0.204186
0.204186
0.204186
0.204186
0.204186
0.204186
0.204186
0.204186
0.204186
0.204186
0.204186
0.204186
0.204186
0.204186
0.204186
0.204186
0.204186
0.204186
0.204186
0.204186
0.204186
0.204186
0.204186
0.204186
0.204186
0.204186
0.204186
0.204186
0.204186
0.204186
0.204186
0.204186
0.204186
0.204186
0.204186
0.204186
0.204186
0.204186
0.204186
0.204186
0.204186
0.204186
0.204186
0.204186
0.204186
0.204186
0.204186
0.204186
0.204186
0.204186
0.204186
0.204186
0.204186
0.204186
0.204186
0.204186
0.204186
0.204186
0.204186
0.204186
0.204186
0.204186
0.204186
0.204186
0.204186
0.204186
0.204186
0.204186
0.204186
0.204186
0.204186
0.204186
0.204186
0.204186
0.204186
0.204186
0.204186
0.204186
0.204186
0.204186
0.204186
0.204186
0.204186
0.204186
0.204186
0.204186
0.204186
0.204186
0.204186
0.204186
0.204186
0.204186
0.204186
0.204186
0.204186
0.204186
0.204186
0.204186
0.204186
0.204186
0.204186
0.204186
0.204186
0.204186
0.204186
0.204186
0.204186
0.204186
0.204186
0.204186
0.204186
0.204186
0.204186
0.204186
0.204186
0.204186
0.204186
0.204186
0.204186
0.204186
0.204186
0.204186
0.204186
0.204186
0.204186
0.204186
0.204186
0.204186
0.204186
0.204186
0.204186
0.204186
0.204186
0.204186
0.204186
0.204186
0.204186
0.204186
0.204186
0.204186
0.204186
0.204186
0.204186
0.204186
0.204186
0.204186
0.204186
0.204186
0.204186
0.204186
0.204186
0.204186
0.204186
0.204186
0.204186
0.204186
0.204186
0.204186
0.204186
0.204186
0.204186
0.204186
0.204186
0.204186
0.204186
0.204186
0.204186
0.204186
0.204186
0.204186
0.204186
0.204186
0.204186
0.204186
0.204186
0.204186
0.204186
0.204186
0.204186
0.204186
0.204186
0.204186
0.204186
0.204186
0.204186
0.204186
0.204186
0.204186
0.204186
0.204186
0.204186
0.204186
0.204186
0.204186
0.204186
0.204186
0.204186
0.204186
0.204186
0.204186
0.204186
0.204186
0.204186
0.204186
0.204186
0.204186
0.204186
0.204186
0.204186
0.204186
0.204186
0.204186
0.204186
0.204186
0.204186
0.204186
0.204186
0.204186
0.204186
0.204186
0.204186
0.204186
0.204186
0.204186
0.204186
0.204186
0.204186
0.204186
0.204186
0.204186
0.204186
0.204186
0.204186
0.204186
0.204186
0.204186
0.204186
0.204186
0.204186
0.204186
0.204186
0.204186
0.204186
0.204186
0.204186
0.204186
0.204186
0.204186
0.204186
0.204186
0.204186
0.204186
0.204186
0.204186
0.204186
0.204186
0.204186
0.204186
0.204186
0.204186
0.204186
0.204186
0.204186
0.204186
0.204186
0.204186
0.204186
0.204186
0.204186
0.204186
0.204186
0.204186
0.204186
0.204186
0.204186
0.204186
0.204186
0.204186
0.204186
0.204186
0.204186
0.204186
0.204186
0.204186
0.204186
0.204186
0.204186
0.204186
0.204186
0.204186
0.204186
0.204186
0.204186
0.204186
0.204186
0.204186
0.204186
0.204186
0.204186
0.204186
0.204186
0.204186
0.204186
0.204186
0.204186
0.204186
0.204186
0.204186
0.204186
0.204186
0.204186
0.204186
0.204186
0.204186
0.204186
0.204186
0.204186
0.204186
0.204186
0.204186
0.204186
0.204186
0.204186
0.204186
0.204186
0.204186
0.204186
0.204186
0.204186
0.204186
0.204186
0.204186
0.204186
0.204186
0.204186
0.204186
0.204186
0.204186
0.204186
0.204186
0.204186
0.204186
0.204186
0.204186
0.204186
0.204186
0.204186
0.204186
0.204186
0.204186
0.204186
0.204186
0.204185884
0.2041858806
0.2041858762
0.2041858686
0.204185855
0.2041858333
0.2041858029
0.2041857647
0.204185002
0.2041849568
0.2041849169
0.2041848782
0.2041848346
0.2041847804
0.2041847121
0.2041846296
0.2041832206
0.2041831397
0.2041830716
0.2041830124
0.204182955
0.2041828915
0.2041828165
0.204182728
0.2041809686
0.2041808827
0.204180805
0.2041807255
0.2041806316
0.204180513
0.2041803655
0.2041774407
0.2041772588
0.204177103
0.2041769684
0.2041768414
0.2041767041
0.2041765412
0.2041763446
0.2041724191
0.2041721951
0.204172003
0.2041718326
0.2041716633
0.2041714711
0.2041712375
0.2041709554
0.2041656175
0.2041653155
0.2041650575
0.2041648282
0.2041645993
0.2041643391
0.2041640248
0.2041636487
0.2041565494
0.2041561671
0.2041558372
0.2041555326
0.2041552109
0.2041548301
0.2041543641
0.2041538085
0.2041438927
0.2041433628
0.204142907
0.2041424856
0.2041420401
0.2041415153
0.2041408788
0.2041276092
0.2041268195
0.2041261401
0.2041255463
0.2041249754
0.2041243446
0.2041235839
0.204122659
0.2041042687
0.2041031895
0.2041022653
0.2041014543
0.2041006653
0.2040997855
0.2040987254
0.2040974456
0.2040724682
0.2040710606
0.2040698526
0.2040687694
0.2040676732
0.2040664105
0.2040648717
0.2040630203
0.2040284604
0.2040265482
0.2040249098
0.2040234286
0.2040219095
0.2040201483
0.2040180091
0.2040154573
0.2039688704
0.2039663875
0.2039642471
0.2039622648
0.203960164
0.2039576801
0.2039546561
0.2039510745
0.2038875018
0.2038842035
0.2038813375
0.2038786183
0.2038756562
0.2038721084
0.2038677957
0.2037807544
0.2037756188
0.2037712153
0.2037673587
0.2037636241
0.2037594761
0.2037544786
0.203748432
0.2036299691
0.2036231971
0.2036173956
0.2036122426
0.2036071112
0.2036012759
0.2035941971
0.203585672
0.203424051
0.2034150647
0.2034073612
0.2034004149
0.2033933203
0.203385109
0.203375123
0.2033631755
0.2031434843
0.2031316276
0.2031214308
0.2031120667
0.2031022499
0.2030907125
0.2030766732
0.2030600022
0.2027620776
0.2027464677
0.20273296
0.2027202819
0.2027066346
0.2026903842
0.2026706314
0.2022677303
0.2022437612
0.2022231933
0.2022052537
0.2021880428
0.2021690935
0.2021463376
0.2021187733
0.2015746029
0.2015431608
0.2015162395
0.2014924914
0.2014691382
0.201442858
0.2014110915
0.2013727899
0.2006410283
0.2005999497
0.2005647893
0.200533348
0.2005016522
0.2004653147
0.2004212364
0.2003684105
0.1993909103
0.1993376284
0.1992919457
0.1992504368
0.1992075471
0.199157605
0.1990969564
0.1990247921
0.1977305277
0.1976620272
0.1976030783
0.1975485484
0.1974908601
0.1974228526
0.1973403501
0.1972429846
0.1955488386
0.1954617671
0.1953864061
0.1953153302
0.1952384716
0.1951470223
0.1950363932
0.1928489084
0.1927212208
0.1926120849
0.192516913
0.1924253359
0.1923243624
0.1922034697
0.1920578604
0.1892783754
0.1891207947
0.1889864557
0.1888682414
0.1887522008
0.1886221139
0.1884658197
0.1882786377
0.1848282735
0.1846384381
0.1844768263
0.1843331584
0.184189407
0.184026057
0.1838295786
0.1835958599
0.1794333685
0.1792113064
0.1790223274
0.1788524867
0.1786794923
0.1784808156
0.1782420477
0.1779602016
0.1731066623
0.1728558169
0.1726422446
0.1724481341
0.1722472141
0.1720146414
0.1717358211
0.1662886134
0.1659687731
0.1656966653
0.1654647078
0.1652514547
0.1650274958
0.1647667717
0.1644553383
0.1585896602
0.1582559354
0.1579736919
0.1577326468
0.1575084682
0.1572699721
0.1569912474
0.1566598437
0.1506336752
0.1503021061
0.1500231572
0.1497842626
0.1495593796
0.1493172372
0.1490334924
0.1486979107
0.1427970384
0.1424835551
0.142221016
0.1419952767
0.1417799993
0.1415455256
0.1412702816
0.1409466932
0.1354343431
0.1351519832
0.1349163671
0.1347126292
0.1345155351
0.1342984492
0.1340433526
0.1291062104
0.1288193325
0.1285762751
0.1283739452
0.1281976078
0.1280242761
0.1278312423
0.1276043317
0.1233503608
0.1231113577
0.1229104125
0.122743281
0.1225960798
0.122448818
0.1222830537
0.1220882917
0.1185479821
0.1183558189
0.1181953426
0.1180617175
0.1179424244
0.1178207897
0.1176824902
0.1175202344
0.1146584535
0.1145084481
0.1143838922
0.1142798282
0.1141853998
0.1140872152
0.1139745933
0.1138428161
0.1115851389
0.1114709241
0.1113764981
0.1112971107
0.1112236567
0.1111457371
0.1110556879
0.1093035255
0.1092027919
0.1091174325
0.1090470607
0.1089873481
0.1089308794
0.1088698128
0.10879884
0.1074579403
0.1073831523
0.1073202974
0.107268535
0.1072240753
0.1071810387
0.1071336681
0.1070784144
0.1060647111
0.1060099227
0.1059642055
0.1059265135
0.1058936302
0.105861004
0.1058245136
0.105781879
0.1050223152
0.1049825547
0.1049495759
0.1049222869
0.1048980278
0.1048733485
0.1048453651
0.1048126799
0.1042471788
0.1042185226
0.1041948671
0.1041751729
0.1041572915
0.104138659
0.1041173005
0.1040924112
0.1036738322
0.1036533191
0.1036364396
0.1036222564
0.1036090698
0.1035950108
0.1035787588
0.10326875
0.103251389
0.1032367695
0.103224758
0.1032145431
0.103204806
0.1031942085
0.1031818886
0.1029535717
0.1029411617
0.1029307894
0.1029222608
0.1029148926
0.1029076794
0.1028996804
0.1028903497
0.1027223938
0.1027135384
0.1027061832
0.1027001147
0.1026947698
0.1026893929
0.1026833328
0.1026762564
0.102552692
0.1025463729
0.102541153
0.1025368262
0.1025329401
0.1025289362
0.1025243704
0.1025190476
0.1024286131
0.1024241436
0.1024204639
0.1024173852
0.1024145501
0.1024115534
0.1024081
0.1023417114
0.1023379583
0.1023347906
0.1023321915
0.1023299992
0.1023279383
0.1023257197
0.1023231494
0.1022749187
0.1022722835
0.1022700752
0.1022682589
0.1022666957
0.1022651757
0.1022634976
0.1022615406
0.1022259848
0.1022240877
0.1022225088
0.1022212075
0.1022200682
0.1022189315
0.1022176562
0.1022161669
0.1021898976
0.1021885396
0.1021874157
0.1021864855
0.1021856552
0.1021848058
0.1021838403
0.1021827138
0.1021634459
0.1021624813
0.1021616874
0.1021610273
0.1021604274
0.1021598013
0.1021590836
0.1021582489
0.1021443365
0.1021436655
0.1021431146
0.1021426517
0.1021422201
0.1021417586
0.102141225
0.102131076
0.1021305169
0.1021300468
0.102129659
0.1021293246
0.1021289994
0.1021286401
0.1021282205
0.1021205919
0.1021201766
0.1021198309
0.1021195479
0.1021193045
0.102119067
0.1021188044
0.1021184989
0.1021130446
0.1021127625
0.1021125289
0.1021123367
0.1021121674
0.102111997
0.1021118049
0.1021115809
0.1021076554
0.1021074588
0.1021072959
0.1021071586
0.1021070316
0.102106897
0.1021067412
0.1021065593
0.1021035163
0.1021033651
0.1021032404
0.1021031355
0.1021030375
0.1021029326
0.1021028113
0.1021005232
0.1021003941
0.1021002855
0.1021001971
0.1021001232
0.1021000545
0.1020999812
0.1020998966
0.1020984863
0.1020984073
0.1020983434
0.1020982967
0.1020982668
0.1020982498
0.1020982403
0.1020982332
0.1020982332
0.1020982403
0.1020982498
0.1020982668
0.1020982967
0.1020983434
0.1020984073
0.1020984863
0.1020998966
0.1020999812
0.1021000545
0.1021001232
0.1021001971
0.1021002855
0.1021003941
0.1021005232
0.1021028113
0.1021029326
0.1021030375
0.1021031355
0.1021032404
0.1021033651
0.1021035163
0.1021065593
0.1021067412
0.102106897
0.1021070316
0.1021071586
0.1021072959
0.1021074588
0.1021076554
0.1021115809
0.1021118049
0.102111997
0.1021121674
0.1021123367
0.1021125289
0.1021127625
0.1021130446
0.1021184989
0.1021188044
0.102119067
0.1021193045
0.1021195479
0.1021198309
0.1021201766
0.1021205919
0.1021282205
0.1021286401
0.1021289994
0.1021293246
0.102129659
0.1021300468
0.1021305169
0.102131076
0.102141225
0.1021417586
0.1021422201
0.1021426517
0.1021431146
0.1021436655
0.1021443365
0.1021451291
0.1021590836
0.1021598013
0.1021604274
0.1021610273
0.1021616874
0.1021624813
0.1021634459
0.1021827138
0.1021838403
0.1021848058
0.1021856552
0.1021864855
0.1021874157
0.1021885396
0.1021898976
0.1022161669
0.1022176562
0.1022189315
0.1022200682
0.1022212075
0.1022225088
0.1022240877
0.1022259848
0.1022615406
0.1022634976
0.1022651757
0.1022666957
0.1022682589
0.1022700752
0.1022722835
0.1022749187
0.1023231494
0.1023257197
0.1023279383
0.1023299992
0.1023321915
0.1023347906
0.1023379583
0.1023417114
0.1024081
0.1024115534
0.1024145501
0.1024173852
0.1024204639
0.1024241436
0.1024286131
0.1025190476
0.1025243704
0.1025289362
0.1025329401
0.1025368262
0.102541153
0.1025463729
0.102552692
0.1026762564
0.1026833328
0.1026893929
0.1026947698
0.1027001147
0.1027061832
0.1027135384
0.1027223938
0.1028903497
0.1028996804
0.1029076794
0.1029148926
0.1029222608
0.1029307894
0.1029411617
0.1029535717
0.1031818886
0.1031942085
0.103204806
0.1032145431
0.103224758
0.1032367695
0.103251389
0.10326875
0.1035787588
0.1035950108
0.1036090698
0.1036222564
0.1036364396
0.1036533191
0.1036738322
0.1040924112
0.1041173005
0.104138659
0.1041572915
0.1041751729
0.1041948671
0.1042185226
0.1042471788
0.1048126799
0.1048453651
0.1048733485
0.1048980278
0.1049222869
0.1049495759
0.1049825547
0.1050223152
0.105781879
0.1058245136
0.105861004
0.1058936302
0.1059265135
0.1059642055
0.1060099227
0.1060647111
0.1070784144
0.1071336681
0.1071810387
0.1072240753
0.107268535
0.1073202974
0.1073831523
0.1074579403
0.10879884
0.1088698128
0.1089308794
0.1089873481
0.1090470607
0.1091174325
0.1092027919
0.1093035255
0.1110556879
0.1111457371
0.1112236567
0.1112971107
0.1113764981
0.1114709241
0.1115851389
0.1138428161
0.1139745933
0.1140872152
0.1141853998
0.1142798282
0.1143838922
0.1145084481
0.1146584535
0.1175202344
0.1176824902
0.1178207897
0.1179424244
0.1180617175
0.1181953426
0.1183558189
0.1185479821
0.1220882917
0.1222830537
0.122448818
0.1225960798
0.122743281
0.1229104125
0.1231113577
0.1233503608
0.1276043317
0.1278312423
0.1280242761
0.1281976078
0.1283739452
0.1285762751
0.1288193325
0.1291062104
0.1340433526
0.1342984492
0.1345155351
0.1347126292
0.1349163671
0.1351519832
0.1354343431
0.1409466932
0.1412702816
0.1415455256
0.1417799993
0.1419952767
0.142221016
0.1424835551
0.1427970384
0.1486979107
0.1490334924
0.1493172372
0.1495593796
0.1497842626
0.1500231572
0.1503021061
0.1506336752
0.1566598437
0.1569912474
0.1572699721
0.1575084682
0.1577326468
0.1579736919
0.1582559354
0.1585896602
0.1644553383
0.1647667717
0.1650274958
0.1652514547
0.1654647078
0.1656966653
0.1659687731
0.1662886134
0.1717358211
0.1720146414
0.1722472141
0.1724481341
0.1726422446
0.1728558169
0.1731066623
0.1779602016
0.1782420477
0.1784808156
0.1786794923
0.1788524867
0.1790223274
0.1792113064
0.1794333685
0.1835958599
0.1838295786
0.184026057
0.184189407
0.1843331584
0.1844768263
0.1846384381
0.1848282735
0.1882786377
0.1884658197
0.1886221139
0.1887522008
0.1888682414
0.1889864557
0.1891207947
0.1892783754
0.1920578604
0.1922034697
0.1923243624
0.1924253359
0.192516913
0.1926120849
0.1927212208
0.1928489084
0.1950363932
0.1951470223
0.1952384716
0.1953153302
0.1953864061
0.1954617671
0.1955488386
0.1956503148
0.1973403501
0.1974228526
0.1974908601
0.1975485484
0.1976030783
0.1976620272
0.1977305277
0.1990247921
0.1990969564
0.199157605
0.1992075471
0.1992504368
0.1992919457
0.1993376284
0.1993909103
0.2003684105
0.2004212364
0.2004653147
0.2005016522
0.200533348
0.2005647893
0.2005999497
0.2006410283
0.2013727899
0.2014110915
0.201442858
0.2014691382
0.2014924914
0.2015162395
0.2015431608
0.2015746029
0.2021187733
0.2021463376
0.2021690935
0.2021880428
0.2022052537
0.2022231933
0.2022437612
0.2022677303
0.2026706314
0.2026903842
0.2027066346
0.2027202819
0.20273296
0.2027464677
0.2027620776
0.2030600022
0.2030766732
0.2030907125
0.2031022499
0.2031120667
0.2031214308
0.2031316276
0.2031434843
0.2033631755
0.203375123
0.203385109
0.2033933203
0.2034004149
0.2034073612
0.2034150647
0.203424051
0.203585672
0.2035941971
0.2036012759
0.2036071112
0.2036122426
0.2036173956
0.2036231971
0.2036299691
0.203748432
0.2037544786
0.2037594761
0.2037636241
0.2037673587
0.2037712153
0.2037756188
0.2037807544
0.2038677957
0.2038721084
0.2038756562
0.2038786183
0.2038813375
0.2038842035
0.2038875018
0.2039510745
0.2039546561
0.2039576801
0.203960164
0.2039622648
0.2039642471
0.2039663875
0.2039688704
0.2040154573
0.2040180091
0.2040201483
0.2040219095
0.2040234286
0.2040249098
0.2040265482
0.2040284604
0.2040630203
0.2040648717
0.2040664105
0.2040676732
0.2040687694
0.2040698526
0.2040710606
0.2040724682
0.2040974456
0.2040987254
0.2040997855
0.2041006653
0.2041014543
0.2041022653
0.2041031895
0.2041042687
0.204122659
0.2041235839
0.2041243446
0.2041249754
0.2041255463
0.2041261401
0.2041268195
0.2041276092
0.2041408788
0.2041415153
0.2041420401
0.2041424856
0.204142907
0.2041433628
0.2041438927
0.2041538085
0.2041543641
0.2041548301
0.2041552109
0.2041555326
0.2041558372
0.2041561671
0.2041565494
0.2041636487
0.2041640248
0.2041643391
0.2041645993
0.2041648282
0.2041650575
0.2041653155
0.2041656175
0.2041709554
0.2041712375
0.2041714711
0.2041716633
0.2041718326
0.204172003
0.2041721951
0.2041724191
0.2041763446
0.2041765412
0.2041767041
0.2041768414
0.2041769684
0.204177103
0.2041772588
0.2041774407
0.2041803655
0.204180513
0.2041806316
0.2041807255
0.204180805
0.2041808827
0.2041809686
0.204182728
0.2041828165
0.2041828915
0.204182955
0.2041830124
0.2041830716
0.2041831397
0.2041832206
0.2041846296
0.2041847121
0.2041847804
0.2041848346
0.2041848782
0.2041849169
0.2041849568
0.204185002
0.2041857647
0.2041858029
0.2041858333
0.204185855
0.2041858686
0.2041858762
0.2041858806
0.204185884
0.204186
0.204186
0.204186
0.204186
0.204186
0.204186
0.204186
0.204186
0.204186
0.204186
0.204186
0.204186
0.204186
0.204186
0.204186
0.204186
0.204186
0.204186
0.204186
0.204186
0.204186
0.204186
0.204186
0.204186
0.204186
0.204186
0.204186
0.204186
0.204186
0.204186
0.204186
0.204186
0.204186
0.204186
0.204186
0.204186
0.204186
0.204186
0.204186
0.204186
0.204186
0.204186
0.204186
0.204186
0.204186
0.204186
0.204186
0.204186
0.204186
0.204186
0.204186
0.204186
0.204186
0.204186
0.204186
0.204186
0.204186
0.204186
0.204186
0.204186
0.204186
0.204186
0.204186
0.204186
0.204186
0.204186
0.204186
0.204186
0.204186
0.204186
0.204186
0.204186
0.204186
0.204186
0.204186
0.204186
0.204186
0.204186
0.204186
0.204186
0.204186
0.204186
0.204186
0.204186
0.204186
0.204186
0.204186
0.204186
0.204186
0.204186
0.204186
0.204186
0.204186
0.204186
0.204186
0.204186
0.204186
0.204186
0.204186
0.204186
0.204186
0.204186
0.204186
0.204186
0.204186
0.204186
0.204186
0.204186
0.204186
0.204186
0.204186
0.204186
0.204186
0.204186
0.204186
0.204186
0.204186
0.204186
0.204186
0.204186
0.204186
0.204186
0.204186
0.204186
0.204186
0.204186
0.204186
0.204186
0.204186
0.204186
0.204186
0.204186
0.204186
0.204186
0.204186
0.204186
0.204186
0.204186
0.204186
0.204186
0.204186
0.204186
0.204186
0.204186
0.204186
0.204186
0.204186
0.204186
0.204186
0.204186
0.204186
0.204186
0.204186
0.204186
0.204186
0.204186
0.204186
0.204186
0.204186
0.204186
0.204186
0.204186
0.204186
0.204186
0.204186
0.204186
0.204186
0.204186
0.204186
0.204186
0.204186
0.204186
0.204186
0.204186
0.204186
0.204186
0.204186
0.204186
0.204186
0.204186
0.204186
0.204186
0.204186
0.204186
0.204186
0.204186
0.204186
0.204186
0.204186
0.204186
0.204186
0.204186
0.204186
0.204186
0.204186
0.204186
0.204186
0.204186
0.204186
0.204186
0.204186
0.204186
0.204186
0.204186
0.204186
0.204186
0.204186
0.204186
0.204186
0.204186
0.204186
0.204186
0.204186
0.204186
0.204186
0.204186
0.204186
0.204186
0.204186
0.204186
0.204186
0.204186
0.204186
0.204186
0.204186
0.204186
0.204186
0.204186
0.204186
0.204186
0.204186
0.204186
0.204186
0.204186
0.204186
0.204186
0.204186
0.204186
0.204186
0.204186
0.204186
0.204186
0.204186
0.204186
0.204186
0.204186
0.204186
0.204186
0.204186
0.204186
0.204186
0.204186
0.204186
0.204186
0.204186
0.204186
0.204186
0.204186
0.204186
0.204186
0.204186
0.204186
0.204186
0.204186
0.204186
0.204186
0.204186
0.204186
0.204186
0.204186
0.204186
0.204186
0.204186
0.204186
0.204186
0.204186
0.204186
0.204186
0.204186
0.204186
0.204186
0.204186
0.204186
0.204186
0.204186
0.204186
0.204186
0.204186
0.204186
0.204186
0.204186
0.204186
0.204186
0.204186
0.204186
0.204186
0.204186
0.204186
0.204186
0.204186
0.204186
0.204186
0.204186
0.204186
0.204186
0.204186
0.204186
0.204186
0.204186
0.204186
0.204186
0.204186
0.204186
0.204186
0.204186
0.204186
0.204186
0.204186
0.204186
0.204186
0.204186
0.204186
0.204186
0.204186
0.204186
0.204186
0.204186
0.204186
0.204186
0.204186
0.204186
0.204186
0.204186
0.204186
0.204186
0.204186
0.204186
0.204186
0.204186
0.204186
0.204186
0.204186
0.204186
0.204186
0.204186
0.204186
0.204186
0.204186
0.204186
0.204186
0.204186
0.204186
0.204186
0.204186
0.204186
0.204186
0.204186
0.204186
0.204186
0.204186
0.204186
0.204186
0.204186
0.204186
0.204186
0.204186
0.204186
0.204186
0.204186
0.204186
0.204186
0.204186
0.204186
0.204186
0.204186
0.204186
0.204186
0.204186
0.204186
0.204186
0.204186
0.204186
0.204186
0.204186
0.204186
0.204186
0.204186
0.204186
0.204186
0.204186
0.204186
0.204186
0.204186
0.204186
0.204186
0.204186
0.204186
0.204186
0.204186
0.204186
0.204186
0.204186
0.204186
0.204186
0.204186
0.204186
0.204186
0.204186
0.204186
0.204186
0.204186
0.204186
0.204186
0.204186
0.204186
0.204186
0.204186
0.204186
0.204186
0.204186
0.204186
0.204186
0.204186
0.204186
0.204186
0.204186
0.204186
0.204186
0.204186
0.204186
0.204186
0.204186
0.204186
0.204186
0.204186
0.204186
0.204186
0.204186
0.204186
0.204186
0.204186
0.204186
0.204186
0.204186
0.204186
0.204186
0.204186
0.204186
0.204186
0.204186
0.204186
0.204186
0.204186
0.204186
0.204186
0.204186
0.204186
0.204186
0.204186
0.204186
0.204186
0.204186
0.204186
0.204186
0.204186
0.204186
0.204186
0.204186
0.204186
0.204186
0.204186
0.204186
0.204186
0.204186
0.204186
0.204186
0.204186
0.204186
0.204186
0.204186
0.204186
0.204186
0.204186
0.204186
0.204186
0.204186
0.204186
0.204186
0.204186
0.204186
0.204186
0.204186
0.204186
0.204186
0.204186
0.204186
0.204186
0.204186
0.204186
0.204186
0.204186
0.204186
0.204186
0.204186
0.204186
0.204186
0.204186
0.204186
0.204186
0.204186
0.204186
0.204186
0.204186
0.204186
0.204186
0.204186
0.204186
0.204186
0.204186
0.204186
0.204186
0.204186
0.204186
0.204186
0.204186
0.204186
0.204186
0.204186
0.204186
0.204186
0.204186
0.204186
0.204186
0.204186
0.204186
0.204186
0.204186
0.204186
0.204186
0.204186
0.204186
0.204186
0.204186
0.204186
0.204186
0.204186
0.204186
0.204186
0.204186
0.204186
0.204186
0.204186
0.204186
0.204186
0.204186
0.204186
0.204186
0.204186
0.204186
0.204186
0.204186
0.204186
0.204186
0.204186
0.204186
0.204186
0.204186
0.204186
0.204186
0.204186
0.204186
0.204186
0.204186
0.204186
0.204186
0.204186
0.204186
0.204186
0.204186
0.204186
0.204186
0.204186
0.204186
0.204186
0.204186
0.204186
0.204186
0.204186
0.204186
0.204186
0.204186
0.204186
0.204186
0.204186
0.204186
0.204186
0.204186
0.204186
0.204186
0.204186
0.204186
0.204186
0.204186
0.204186
0.204186
0.204186
0.204186
0.204186
0.204186
0.204186
0.204186
0.204186
0.204186
0.204186
0.204186
0.204186
0.204186
0.204186
0.204186
0.204186
0.204186
0.204186
0.204186
0.204186
0.204186
0.204186
0.204186
0.204186
0.204186
0.204186
0.204186
0.204186
0.204186
0.204186
0.204186
0.204186
0.204186
0.204186
0.204186
0.204186
0.204186
0.204186
0.204186
0.204186
0.204186
0.204186
0.204186
0.204186
0.204186
0.204186
0.204186
0.204186
0.204186
0.204186
0.204186
0.204186
0.204186
0.204186
0.204186
0.204186
0.204186
0.204186
0.204186
0.204186
0.204186
0.204186
0.204186
0.204186
0.204186
0.204186
0.204186
0.204186
0.204186
0.204186
0.204186
0.204186
0.204186
0.204186
0.204186
0.204186
0.204186
0.204186
0.204186
0.204186
0.204186
0.204186
0.204186
0.204186
0.204186
0.204186
0.204186
0.204186
0.204186
0.204186
0.204186
0.204186
0.204186
0.204186
0.204186
0.204186
0.204186
0.204186
0.204186
0.204186
0.204186
0.204186
0.204186
0.204186
0.204186
0.204186
0.204186
0.204186
0.204186
0.204186
0.204186
0.204186
0.204186
0.204186
0.204186
0.204186
0.204186
0.204186
0.204186
0.204186
0.204186
0.204186
0.204186
0.204186
0.204186
0.204186
0.204186
0.204186
0.204186
0.204186
0.204186
0.204186
0.204186
0.204186
0.204186
0.204186
0.204186
0.204186
0.204186
0.204186
0.204186
0.204186
0.204186
0.204186
0.204186
0.204186
0.204186
0.204186
0.204186
0.204186
0.204186
0.204186
0.204186
0.204186
0.204186
0.204186
0.204186
0.204186
0.204186
0.204186
0.204186
0.204186
0.204186
0.204186
0.204186
0.204186
0.204186
0.204186
0.204186
0.204186
0.204186
0.204186
0.204186
0.204186
0.204186
0.204186
0.204186
0.204186
0.204186
0.204186
0.204186
0.204186
0.204186
0.204186
0.204186
0.204186
0.204186
0.204186
0.204186
0.204186
0.204186
0.204186
0.204186
0.204186
0.204186
0.204186
0.204186
0.204186
0.204186
0.204186
0.204186
0.204186
0.204186
0.204186
0.204186
0.204186
0.204186
0.204186
0.204186
0.204186
0.204186
0.204186
0.204186
0.204186
0.204186
0.204186
0.204186
0.204186
0.204186
0.204186
0.204186
0.204186
0.204186
0.204186
0.204186
0.204186
0.204186
0.204186
0.204186
0.204186
0.204186
0.204186
0.204186
0.204186
0.204186
0.204186
0.204186
0.204186
0.204186
0.204186
0.204186
0.204186
0.204186
0.204186
0.204186
0.204186
0.204186
0.204186
0.204186
0.204186
0.204186
0.204186
0.204186
0.204186
0.204186
0.204186
0.204186
0.204186
0.204186
0.204186
0.204186
0.204186
0.204186
0.204186
0.204186
0.204186
0.204186
0.204186
0.204186
0.204186
0.204186
0.204186
0.204186
0.204186
0.204186
0.204186
0.204186
0.204186
0.204186
0.204186
0.204186
0.204186
0.204186
0.204186
0.204186
0.204186
0.204186
0.204186
0.204186
0.204186
0.204186
0.204186
0.204186
0.204186
0.204186
0.204186
0.204186
0.204186
0.204186
0.204186
0.204186
0.204186
0.204186
0.204186
0.204186
0.204186
0.204186
0.204186
0.204186
0.204186
0.204186
0.204186
0.204186
0.204186
0.204186
0.204186
0.204186
0.204186
0.204186
0.204186
0.204186
0.204186
0.204186
0.204186
0.204186
0.204186
0.204186
0.204186
0.204186
0.204186
0.204186
0.204186
0.204186
0.204186
0.204186
0.204186
0.204186
0.204186
0.204186
0.204186
0.204186
0.204186
0.204186
0.204186
0.204186
0.204186
0.204186
0.204186
0.204186
0.204186
0.204186
0.204186
0.204186
0.204186
0.204186
0.204186
0.204186
0.204186
0.204186
0.204186
0.204186
0.204186
0.204186
0.204186
0.204186
0.204186
0.204186
0.204186
0.204186
0.204186
0.204186
0.204186
0.204186
0.204186
0.204186
0.204186
0.204186
0.204186
0.204186
0.204186
0.204186
0.204186
0.204186
0.204186
0.204186
0.204186
0.204186
0.204186
0.204186
0.204186
0.204186
0.204186
0.204186
0.204186
0.204186
0.204186
0.204186
0.204186
0.204186
0.204186
0.204186
0.204186
0.204186
0.204186
0.204186
0.204186
0.204186
0.204186
0.204186
0.204186
0.204186
0.204186
0.204186
0.204186
0.204186
0.204186
0.204186
0.204186
0.204186
0.204186
0.204186
0.204186
0.204186
0.204186
0.204186
0.204186
0.204186
0.204186
0.204186
0.204186
0.204186
0.204186
0.204186
0.204186
0.204186
0.204186
0.204186
0.204186
0.204186
0.204186
0.204186
0.204186
0.204186
0.204186
0.204186
0.204186
0.204186
0.204186
0.204186
0.204186
0.204186
0.204186
0.204186
0.204186
0.204186
0.204186
0.204186
0.204186
0.204186
0.204186
0.204186
0.204186
0.204186
0.204186
0.204186
0.204186
0.204186
0.204186
0.204186
0.204186
0.204186
0.204186
0.204186
0.204186
0.204186
0.204186
0.204186
0.204186
0.204186
0.204186
0.204186
0.204186
0.204186
0.204186
0.204186
0.204186
0.204186
0.204186
0.204186
0.204186
0.204186
0.204186
0.204186
0.204186
0.204186
0.204186
0.204186
0.204186
0.204186
0.204186
0.204186
0.204186
0.204186
0.204186
0.204186
0.204186
0.204186
0.204186
0.204186
0.204186
0.204186
0.204186
0.204186
0.204186
0.204186
0.204186
0.204186
0.204186
0.204186
0.204186
0.204186
0.204186
0.204186
0.204186
0.204186
0.204186
0.204186
0.204186
0.204186
0.204186
0.204186
0.204186
0.204186
0.204186
0.204186
0.204186
0.204186
0.204186
0.204186
0.204186
0.204186
0.204186
0.204186
0.204186
0.204186
0.204186
0.204186
0.204186
0.204186
0.204186
0.204186
0.204186
0.204186
0.204186
0.204186
0.204186
0.204186
0.204186
0.204186
0.204186
0.204186
0.204186
0.204186
0.204186
0.204186
0.204186
0.204186
0.204186
0.204186
0.204186
0.204186
0.204186
0.204186
0.204186
0.204186
0.204186
0.204186
0.204186
0.204186
0.204186
0.204186
0.204186
0.204186
0.204186
0.204186
0.204186
0.204186
0.204186
0.204186
0.204186
0.204186
0.204186
0.204186
0.204186
0.204186
0.204186
0.204186
0.204186
0.204186
0.204186
0.204186
0.204186
0.204186
0.204186
0.204186
0.204186
0.204186
0.204186
0.204186
0.204186
0.204186
0.204186
0.204186
0.204186
0.204186
0.204186
0.204186
0.204186
0.204186
0.204186
0.204186
0.204186
0.204186
0.204186
0.204186
0.204186
0.204186
0.204186
0.204186
0.204186
0.204186
0.204186
0.204186
0.204186
0.204186
0.204186
0.204186
0.204186
0.204186
0.204186
0.204186
0.204186
0.204186
0.204186
0.204186
0.204186
0.204186
0.204186
0.204186
0.204186
0.204186
0.204186
0.204186
0.204186
0.204186
0.204186
0.204186
0.204186
0.204186
0.204186
0.204186
0.204186
0.204186
0.204186
0.204186
0.204186
0.204186
0.204186
0.204186
0.204186
0.204186
0.204186
0.204186
0.204186
0.204186
0.204186
0.204186
0.204186
0.204186
0.204186
0.204186
0.204186
0.204186
0.204186
0.204186
0.204186
0.204186
0.204186
0.204186
0.204186
0.204186
0.204186
0.204186
0.204186
0.204186
0.204186
0.204186
0.204186
0.204186
0.204186
0.204186
0.204186
0.204186
0.204186
0.204186
0.204186
0.204186
0.204186
0.204186
0.204186
0.204186
0.204186
0.204186
0.204186
0.204186
0.204186
0.204186
0.204186
0.204186
0.204186
0.204186
0.204186
0.204186
0.204186
0.204186
0.204186
0.204186
0.204186
0.204186
0.204186
0.204186
0.204186
0.204186
0.204186
0.204186
0.204186
0.204186
0.204186
0.204186
0.204186
0.204186
0.204186
0.204186
0.204186
0.204186
0.204186
0.204186
0.204186
0.204186
0.204186
0.204186
0.204186
0.204186
0.204186
0.204186
0.204186
0.204186
0.204186
0.204186
0.204186
0.204186
0.204186
0.204186
0.204186
0.204186
0.204186
0.204186
0.204186
0.204186
0.204186
0.204186
0.204186
0.204186
0.204186
0.204186
0.204186
0.204186
0.204186
0.204186
0.204186
0.204186
0.204186
0.204186
0.204186
0.204186
0.204186
0.204186
0.204186
0.204186
0.204186
0.204186
0.204186
0.204186
0.204186
0.204186
0.204186
0.204186
0.204186
0.204186
0.204186
0.204186
0.204186
0.204186
0.204186
0.204186
0.204186
0.204186
0.204186
0.204186
0.204186
0.204186
0.204186
0.204186
0.204186
0.204186
0.204186
0.204186
0.204186
0.204186
0.204186
0.204186
0.204186
0.204186
0.204186
0.204186
0.204186
0.204186
0.204186
0.204186
0.204186
0.204186
0.204186
0.204186
0.204186
0.204186
0.204186
0.204186
0.204186
0.204186
0.204186
0.204186
0.204186
0.204186
0.204186
0.204186
0.204186
0.204186
0.204186
0.204186
0.204186
0.204186
0.204186
0.204186
0.204186
0.204186
0.204186
0.204186
0.204186
0.204186
0.204186
0.204186
0.204186
0.204186
0.204186
0.204186
0.204186
0.204186
0.204186
0.204186
0.204186
0.204186
0.204186
0.204186
0.204186
0.204186
0.204186
0.204186
0.204186
0.204186
0.204186
0.204186
0.204186
0.204186
0.204186
0.204186
0.204186
0.204186
0.204186
)
;

boundaryField
{
    left
    {
        type            cyclic;
    }
    right
    {
        type            cyclic;
    }
    top
    {
        type            zeroGradient;
    }
    bottom
    {
        type            zeroGradient;
    }
    frontAndback
    {
        type            empty;
    }
}


// ************************************************************************* //
